-12.001	     7
-11.99	     7
-11.979	     7
-11.968	     6
-11.957	     7
-11.946	     7
-11.935	     7
-11.924	     6
-11.913	     7
-11.902	     6
-11.891	     7
-11.88	     7
-11.869	     7
-11.858	     7
-11.847	     7
-11.836	     7
-11.825	     7
-11.814	     7
-11.803	     7
-11.792	     7
-11.781	     7
-11.77	     7
-11.759	     7
-11.748	     7
-11.737	     7
-11.726	     6
-11.715	     7
-11.704	     6
-11.693	     7
-11.682	     6
-11.671	     7
-11.66	     6
-11.649	     7
-11.638	     7
-11.627	     7
-11.616	     7
-11.605	     7
-11.594	     7
-11.583	     7
-11.572	     7
-11.561	     7
-11.55	     7
-11.539	     7
-11.528	     7
-11.517	     7
-11.506	     7
-11.495	     7
-11.484	     6
-11.473	     7
-11.462	     7
-11.451	     7
-11.44	     6
-11.429	     7
-11.418	     7
-11.407	     7
-11.396	     7
-11.385	     7
-11.374	     7
-11.363	     7
-11.352	     7
-11.341	     7
-11.33	     7
-11.319	     7
-11.308	     7
-11.297	     7
-11.286	     7
-11.275	     7
-11.264	     7
-11.253	     7
-11.242	     7
-11.231	     7
-11.22	     7
-11.209	     7
-11.198	     7
-11.187	     7
-11.176	     7
-11.165	     7
-11.154	     7
-11.143	     7
-11.132	     7
-11.121	     7
-11.11	     7
-11.099	     7
-11.088	     7
-11.077	     7
-11.066	     7
-11.055	     7
-11.044	     7
-11.033	     7
-11.022	     7
-11.011	     7
   -11	     7
-10.989	     7
-10.978	     7
-10.967	     7
-10.956	     7
-10.945	     7
-10.934	     7
-10.923	     7
-10.912	     7
-10.901	     7
-10.89	     7
-10.879	     7
-10.868	     7
-10.857	     7
-10.846	     7
-10.835	     7
-10.824	     7
-10.813	     7
-10.802	     7
-10.791	     7
-10.78	     7
-10.769	     7
-10.758	     7
-10.747	     8
-10.736	     7
-10.725	     8
-10.714	     7
-10.703	     8
-10.692	     7
-10.681	     8
-10.67	     8
-10.659	     8
-10.648	     8
-10.637	     8
-10.626	     8
-10.615	     8
-10.604	     8
-10.593	     8
-10.582	     8
-10.571	     8
-10.56	     8
-10.549	     8
-10.538	     7
-10.527	     8
-10.516	     7
-10.505	     8
-10.494	     7
-10.483	     8
-10.472	     7
-10.461	     7
-10.45	     7
-10.439	     7
-10.428	     7
-10.417	     7
-10.406	     7
-10.395	     7
-10.384	     7
-10.373	     7
-10.362	     7
-10.351	     7
-10.34	     7
-10.329	     7
-10.318	     7
-10.307	     7
-10.296	     7
-10.285	     7
-10.274	     7
-10.263	     8
-10.252	     7
-10.241	     8
-10.23	     7
-10.219	     7
-10.208	     7
-10.197	     7
-10.186	     7
-10.175	     7
-10.164	     7
-10.153	     7
-10.142	     8
-10.131	     7
-10.12	     7
-10.109	     8
-10.098	     7
-10.087	     8
-10.076	     7
-10.065	     8
-10.054	     7
-10.043	     8
-10.032	     7
-10.021	     8
-10.01	     7
-9.999	     8
-9.988	     7
-9.977	     8
-9.966	     7
-9.955	     7
-9.944	     7
-9.933	     7
-9.922	     7
-9.911	     7
  -9.9	     7
-9.889	     7
-9.878	     7
-9.867	     7
-9.856	     7
-9.845	     7
-9.834	     7
-9.823	     7
-9.812	     7
-9.801	     7
 -9.79	     7
-9.779	     7
-9.768	     7
-9.757	     7
-9.746	     7
-9.735	     7
-9.724	     7
-9.713	     7
-9.702	     7
-9.691	     7
 -9.68	     7
-9.669	     7
-9.658	     7
-9.647	     7
-9.636	     7
-9.625	     7
-9.614	     7
-9.603	     7
-9.592	     7
-9.581	     7
 -9.57	     7
-9.559	     7
-9.548	     7
-9.537	     7
-9.526	     7
-9.515	     7
-9.504	     7
-9.493	     7
-9.482	     7
-9.471	     7
 -9.46	     7
-9.449	     7
-9.438	     7
-9.427	     7
-9.416	     7
-9.405	     7
-9.394	     7
-9.383	     7
-9.372	     7
-9.361	     7
 -9.35	     7
-9.339	     7
-9.328	     6
-9.317	     7
-9.306	     6
-9.295	     7
-9.284	     6
-9.273	     7
-9.262	     7
-9.251	     7
 -9.24	     7
-9.229	     7
-9.218	     7
-9.207	     7
-9.196	     7
-9.185	     6
-9.174	     7
-9.163	     7
-9.152	     6
-9.141	     7
 -9.13	     6
-9.119	     7
-9.108	     6
-9.097	     7
-9.086	     6
-9.075	     7
-9.064	     6
-9.053	     7
-9.042	     6
-9.031	     7
 -9.02	     7
-9.009	     6
-8.998	     7
-8.987	     7
-8.976	     7
-8.965	     6
-8.954	     7
-8.943	     7
-8.932	     7
-8.921	     7
 -8.91	     7
-8.899	     7
-8.888	     6
-8.877	     7
-8.866	     6
-8.855	     7
-8.844	     6
-8.833	     7
-8.822	     6
-8.811	     7
  -8.8	     6
-8.789	     7
-8.778	     7
-8.767	     7
-8.756	     7
-8.745	     7
-8.734	     7
-8.723	     7
-8.712	     7
-8.701	     7
 -8.69	     7
-8.679	     7
-8.668	     7
-8.657	     7
-8.646	     7
-8.635	     7
-8.624	     7
-8.613	     7
-8.602	     7
-8.591	     7
 -8.58	     7
-8.569	     7
-8.558	     7
-8.547	     7
-8.536	     7
-8.525	     7
-8.514	     7
-8.503	     7
-8.492	     7
-8.481	     7
 -8.47	     7
-8.459	     7
-8.448	     7
-8.437	     7
-8.426	     7
-8.415	     7
-8.404	     7
-8.393	     7
-8.382	     7
-8.371	     7
 -8.36	     7
-8.349	     7
-8.338	     7
-8.327	     7
-8.316	     7
-8.305	     7
-8.294	     7
-8.283	     7
-8.272	     7
-8.261	     7
 -8.25	     7
-8.239	     7
-8.228	     7
-8.217	     7
-8.206	     8
-8.195	     8
-8.184	     8
-8.173	     8
-8.162	     8
-8.151	     8
 -8.14	     8
-8.129	     8
-8.118	     8
-8.107	     8
-8.096	     8
-8.085	     8
-8.074	     8
-8.063	     8
-8.052	     8
-8.041	     8
 -8.03	     8
-8.019	     8
-8.008	     9
-7.997	     8
-7.986	     9
-7.975	     8
-7.964	     8
-7.953	     8
-7.942	     8
-7.931	     9
 -7.92	     8
-7.909	     8
-7.898	     8
-7.887	     8
-7.876	     8
-7.865	     8
-7.854	     8
-7.843	     8
-7.832	     8
-7.821	     8
 -7.81	     8
-7.799	     8
-7.788	     8
-7.777	     8
-7.766	     8
-7.755	     8
-7.744	     8
-7.733	     8
-7.722	     8
-7.711	     8
  -7.7	     8
-7.689	     8
-7.678	     8
-7.667	     9
-7.656	     8
-7.645	     9
-7.634	     8
-7.623	     9
-7.612	     9
-7.601	     9
 -7.59	     9
-7.579	     9
-7.568	     9
-7.557	     9
-7.546	     9
-7.535	     9
-7.524	     9
-7.513	     9
-7.502	    10
-7.491	    10
 -7.48	     9
-7.469	    10
-7.458	     9
-7.447	    10
-7.436	     9
-7.425	    10
-7.414	     9
-7.403	    10
-7.392	     9
-7.381	    10
 -7.37	     9
-7.359	     9
-7.348	     9
-7.337	     9
-7.326	     9
-7.315	     9
-7.304	     9
-7.293	     9
-7.282	     9
-7.271	     9
 -7.26	     9
-7.249	     9
-7.238	     9
-7.227	     9
-7.216	     8
-7.205	     9
-7.194	     8
-7.183	     9
-7.172	     8
-7.161	     9
 -7.15	     8
-7.139	     9
-7.128	     8
-7.117	     9
-7.106	     9
-7.095	     9
-7.084	     9
-7.073	     9
-7.062	     9
-7.051	     9
 -7.04	     9
-7.029	     9
-7.018	     9
-7.007	     9
-6.996	     9
-6.985	    10
-6.974	     9
-6.963	    10
-6.952	     9
-6.941	    10
 -6.93	     9
-6.919	     9
-6.908	     9
-6.897	     9
-6.886	     9
-6.875	     9
-6.864	     9
-6.853	     9
-6.842	     9
-6.831	     9
 -6.82	     9
-6.809	     9
-6.798	     8
-6.787	     8
-6.776	     8
-6.765	     8
-6.754	     8
-6.743	     8
-6.732	     8
-6.721	     8
 -6.71	     8
-6.699	     8
-6.688	     7
-6.677	     8
-6.666	     8
-6.655	     8
-6.644	     8
-6.633	     8
-6.622	     8
-6.611	     8
  -6.6	     8
-6.589	     8
-6.578	     8
-6.567	     7
-6.556	     8
-6.545	     7
-6.534	     8
-6.523	     8
-6.512	     7
-6.501	     8
 -6.49	     7
-6.479	     8
-6.468	     7
-6.457	     8
-6.446	     7
-6.435	     8
-6.424	     8
-6.413	     8
-6.402	     8
-6.391	     8
 -6.38	     8
-6.369	     7
-6.358	     8
-6.347	     7
-6.336	     7
-6.325	     7
-6.314	     7
-6.303	     7
-6.292	     7
-6.281	     7
 -6.27	     7
-6.259	     7
-6.248	     7
-6.237	     7
-6.226	     7
-6.215	     7
-6.204	     7
-6.193	     7
-6.182	     7
-6.171	     7
 -6.16	     7
-6.149	     7
-6.138	     7
-6.127	     7
-6.116	     7
-6.105	     7
-6.094	     7
-6.083	     7
-6.072	     7
-6.061	     7
 -6.05	     7
-6.039	     7
-6.028	     6
-6.017	     7
-6.006	     7
-5.995	     7
-5.984	     6
-5.973	     7
-5.962	     7
-5.951	     7
 -5.94	     7
-5.929	     7
-5.918	     7
-5.907	     7
-5.896	     7
-5.885	     7
-5.874	     7
-5.863	     7
-5.852	     7
-5.841	     7
 -5.83	     7
-5.819	     7
-5.808	     7
-5.797	     7
-5.786	     7
-5.775	     7
-5.764	     7
-5.753	     7
-5.742	     7
-5.731	     7
 -5.72	     7
-5.709	     7
-5.698	     7
-5.687	     7
-5.676	     7
-5.665	     7
-5.654	     7
-5.643	     7
-5.632	     7
-5.621	     7
 -5.61	     8
-5.599	     8
-5.588	     8
-5.577	     8
-5.566	     8
-5.555	     8
-5.544	     8
-5.533	     8
-5.522	     8
-5.511	     8
  -5.5	     8
-5.489	     8
-5.478	     8
-5.467	     8
-5.456	     8
-5.445	     8
-5.434	     8
-5.423	     8
-5.412	     8
-5.401	     8
 -5.39	     8
-5.379	     8
-5.368	     8
-5.357	     8
-5.346	     8
-5.335	     8
-5.324	     8
-5.313	     8
-5.302	     8
-5.291	     9
 -5.28	     8
-5.269	     9
-5.258	     8
-5.247	     9
-5.236	     8
-5.225	     9
-5.214	     9
-5.203	     9
-5.192	     9
-5.181	     9
 -5.17	     9
-5.159	     9
-5.148	     9
-5.137	     9
-5.126	     9
-5.115	    10
-5.104	     9
-5.093	    10
-5.082	    10
-5.071	    10
 -5.06	    10
-5.049	    11
-5.038	    10
-5.027	    11
-5.016	    11
-5.005	    11
-4.994	    11
-4.983	    11
-4.972	    12
-4.961	    12
 -4.95	    12
-4.939	    12
-4.928	    12
-4.917	    12
-4.906	    12
-4.895	    12
-4.884	    12
-4.873	    12
-4.862	    12
-4.851	    13
 -4.84	    12
-4.829	    13
-4.818	    12
-4.807	    13
-4.796	    12
-4.785	    12
-4.774	    12
-4.763	    12
-4.752	    12
-4.741	    12
 -4.73	    12
-4.719	    12
-4.708	    12
-4.697	    12
-4.686	    12
-4.675	    12
-4.664	    12
-4.653	    12
-4.642	    12
-4.631	    12
 -4.62	    12
-4.609	    13
-4.598	    12
-4.587	    13
-4.576	    13
-4.565	    13
-4.554	    13
-4.543	    14
-4.532	    14
-4.521	    14
 -4.51	    15
-4.499	    15
-4.488	    15
-4.477	    15
-4.466	    16
-4.455	    16
-4.444	    16
-4.433	    16
-4.422	    16
-4.411	    17
  -4.4	    16
-4.389	    16
-4.378	    16
-4.367	    17
-4.356	    16
-4.345	    16
-4.334	    16
-4.323	    16
-4.312	    15
-4.301	    16
 -4.29	    15
-4.279	    15
-4.268	    15
-4.257	    15
-4.246	    15
-4.235	    14
-4.224	    14
-4.213	    14
-4.202	    14
-4.191	    14
 -4.18	    14
-4.169	    13
-4.158	    13
-4.147	    13
-4.136	    13
-4.125	    14
-4.114	    13
-4.103	    14
-4.092	    13
-4.081	    14
 -4.07	    14
-4.059	    14
-4.048	    14
-4.037	    14
-4.026	    14
-4.015	    14
-4.004	    15
-3.993	    15
-3.982	    15
-3.971	    15
 -3.96	    15
-3.949	    15
-3.938	    16
-3.927	    16
-3.916	    16
-3.905	    16
-3.894	    16
-3.883	    17
-3.872	    16
-3.861	    17
 -3.85	    16
-3.839	    17
-3.828	    16
-3.817	    16
-3.806	    16
-3.795	    16
-3.784	    16
-3.773	    16
-3.762	    16
-3.751	    15
 -3.74	    15
-3.729	    15
-3.718	    15
-3.707	    14
-3.696	    14
-3.685	    14
-3.674	    13
-3.663	    13
-3.652	    13
-3.641	    13
 -3.63	    12
-3.619	    12
-3.608	    12
-3.597	    12
-3.586	    11
-3.575	    12
-3.564	    11
-3.553	    11
-3.542	    11
-3.531	    11
 -3.52	    11
-3.509	    11
-3.498	    11
-3.487	    11
-3.476	    11
-3.465	    11
-3.454	    11
-3.443	    11
-3.432	    11
-3.421	    12
 -3.41	    11
-3.399	    12
-3.388	    11
-3.377	    12
-3.366	    11
-3.355	    12
-3.344	    11
-3.333	    11
-3.322	    11
-3.311	    11
  -3.3	    11
-3.289	    11
-3.278	    11
-3.267	    11
-3.256	    11
-3.245	    11
-3.234	    11
-3.223	    10
-3.212	    10
-3.201	    10
 -3.19	    10
-3.179	    10
-3.168	     9
-3.157	     9
-3.146	     9
-3.135	     9
-3.124	     8
-3.113	     9
-3.102	     8
-3.091	     8
 -3.08	     8
-3.069	     8
-3.058	     8
-3.047	     8
-3.036	     8
-3.025	     8
-3.014	     8
-3.003	     8
-2.992	     8
-2.981	     8
 -2.97	     8
-2.959	     8
-2.948	     7
-2.937	     8
-2.926	     7
-2.915	     8
-2.904	     7
-2.893	     8
-2.882	     7
-2.871	     8
 -2.86	     7
-2.849	     7
-2.838	     8
-2.827	     8
-2.816	     8
-2.805	     8
-2.794	     8
-2.783	     7
-2.772	     8
-2.761	     7
 -2.75	     8
-2.739	     8
-2.728	     8
-2.717	     8
-2.706	     8
-2.695	     8
-2.684	     7
-2.673	     8
-2.662	     8
-2.651	     8
 -2.64	     8
-2.629	     8
-2.618	     8
-2.607	     9
-2.596	     8
-2.585	     9
-2.574	     9
-2.563	     9
-2.552	     9
-2.541	     9
 -2.53	     9
-2.519	    10
-2.508	    10
-2.497	    10
-2.486	    10
-2.475	    11
-2.464	    11
-2.453	    11
-2.442	    11
-2.431	    12
 -2.42	    12
-2.409	    12
-2.398	    12
-2.387	    13
-2.376	    13
-2.365	    13
-2.354	    14
-2.343	    14
-2.332	    14
-2.321	    15
 -2.31	    15
-2.299	    15
-2.288	    15
-2.277	    15
-2.266	    16
-2.255	    16
-2.244	    16
-2.233	    16
-2.222	    16
-2.211	    17
  -2.2	    16
-2.189	    17
-2.178	    16
-2.167	    17
-2.156	    17
-2.145	    17
-2.134	    17
-2.123	    18
-2.112	    18
-2.101	    19
 -2.09	    19
-2.079	    19
-2.068	    21
-2.057	    21
-2.046	    22
-2.035	    23
-2.024	    24
-2.013	    25
-2.002	    27
-1.991	    28
 -1.98	    29
-1.969	    31
-1.958	    32
-1.947	    34
-1.936	    35
-1.925	    36
-1.914	    38
-1.903	    39
-1.892	    41
-1.881	    41
 -1.87	    43
-1.859	    44
-1.848	    44
-1.837	    45
-1.826	    46
-1.815	    46
-1.804	    46
-1.793	    46
-1.782	    46
-1.771	    47
 -1.76	    46
-1.749	    47
-1.738	    46
-1.727	    47
-1.716	    46
-1.705	    46
-1.694	    45
-1.683	    47
-1.672	    46
-1.661	    46
 -1.65	    46
-1.639	    46
-1.628	    47
-1.617	    47
-1.606	    48
-1.595	    48
-1.584	    49
-1.573	    49
-1.562	    49
-1.551	    50
 -1.54	    51
-1.529	    51
-1.518	    52
-1.507	    54
-1.496	    54
-1.485	    55
-1.474	    57
-1.463	    58
-1.452	    59
-1.441	    61
 -1.43	    63
-1.419	    64
-1.408	    67
-1.397	    69
-1.386	    71
-1.375	    74
-1.364	    77
-1.353	    78
-1.342	    82
-1.331	    83
 -1.32	    86
-1.309	    87
-1.298	    90
-1.287	    91
-1.276	    92
-1.265	    93
-1.254	    93
-1.243	    97
-1.232	    97
-1.221	    96
 -1.21	    98
-1.199	    97
-1.188	    96
-1.177	    98
-1.166	    96
-1.155	    96
-1.144	    97
-1.133	    95
-1.122	    94
-1.111	    93
  -1.1	    92
-1.089	    91
-1.078	    91
-1.067	    89
-1.056	    89
-1.045	    88
-1.034	    88
-1.023	    87
-1.012	    88
-1.001	    88
 -0.99	    89
-0.979	    91
-0.968	    92
-0.957	    94
-0.946	    96
-0.935	    99
-0.924	   103
-0.913	   106
-0.902	   111
-0.891	   113
 -0.88	   120
-0.869	   123
-0.858	   129
-0.847	   134
-0.836	   135
-0.825	   140
-0.814	   144
-0.803	   146
-0.792	   151
-0.781	   151
 -0.77	   153
-0.759	   153
-0.748	   153
-0.737	   157
-0.726	   153
-0.715	   155
-0.704	   151
-0.693	   150
-0.682	   147
-0.671	   144
 -0.66	   142
-0.649	   140
-0.638	   140
-0.627	   136
-0.616	   134
-0.605	   133
-0.594	   131
-0.583	   130
-0.572	   129
-0.561	   128
 -0.55	   130
-0.539	   129
-0.528	   130
-0.517	   133
-0.506	   135
-0.495	   136
-0.484	   139
-0.473	   141
-0.462	   145
-0.451	   147
 -0.44	   151
-0.429	   156
-0.418	   160
-0.407	   163
-0.396	   166
-0.385	   170
-0.374	   174
-0.363	   177
-0.352	   182
-0.341	   182
 -0.33	   184
-0.319	   186
-0.308	   192
-0.297	   191
-0.286	   195
-0.275	   195
-0.264	   200
-0.253	   202
-0.242	   203
-0.231	   200
 -0.22	   200
-0.209	   200
-0.198	   200
-0.187	   198
-0.176	   198
-0.165	   197
-0.154	   193
-0.143	   191
-0.132	   188
-0.121	   186
 -0.11	   183
-0.099	   180
-0.088	   179
-0.077	   178
-0.066	   173
-0.055	   170
-0.044	   166
-0.033	   165
-0.022	   164
-0.011	   160
     0	   160
 0.011	   157
 0.022	   157
 0.033	   155
 0.044	   154
 0.055	   155
 0.066	   154
 0.077	   154
 0.088	   155
 0.099	   157
  0.11	   159
 0.121	   163
 0.132	   164
 0.143	   169
 0.154	   171
 0.165	   176
 0.176	   180
 0.187	   184
 0.198	   189
 0.209	   193
  0.22	   198
 0.231	   200
 0.242	   205
 0.253	   209
 0.264	   212
 0.275	   213
 0.286	   215
 0.297	   216
 0.308	   220
 0.319	   217
  0.33	   216
 0.341	   211
 0.352	   209
 0.363	   205
 0.374	   200
 0.385	   196
 0.396	   191
 0.407	   186
 0.418	   179
 0.429	   176
  0.44	   170
 0.451	   168
 0.462	   163
 0.473	   160
 0.484	   157
 0.495	   154
 0.506	   155
 0.517	   153
 0.528	   154
 0.539	   154
  0.55	   156
 0.561	   157
 0.572	   160
 0.583	   162
 0.594	   167
 0.605	   169
 0.616	   172
 0.627	   176
 0.638	   180
 0.649	   182
  0.66	   185
 0.671	   188
 0.682	   191
 0.693	   193
 0.704	   198
 0.715	   196
 0.726	   199
 0.737	   199
 0.748	   202
 0.759	   198
  0.77	   199
 0.781	   197
 0.792	   196
 0.803	   195
 0.814	   193
 0.825	   192
 0.836	   189
 0.847	   187
 0.858	   186
 0.869	   183
  0.88	   180
 0.891	   179
 0.902	   177
 0.913	   173
 0.924	   170
 0.935	   168
 0.946	   164
 0.957	   161
 0.968	   159
 0.979	   152
  0.99	   148
 1.001	   145
 1.012	   141
 1.023	   139
 1.034	   136
 1.045	   134
 1.056	   132
 1.067	   130
 1.078	   128
 1.089	   128
   1.1	   127
 1.111	   127
 1.122	   127
 1.133	   127
 1.144	   127
 1.155	   129
 1.166	   130
 1.177	   132
 1.188	   134
 1.199	   134
  1.21	   137
 1.221	   138
 1.232	   140
 1.243	   141
 1.254	   143
 1.265	   143
 1.276	   144
 1.287	   146
 1.298	   148
 1.309	   148
  1.32	   149
 1.331	   152
 1.342	   151
 1.353	   151
 1.364	   152
 1.375	   152
 1.386	   155
 1.397	   150
 1.408	   149
 1.419	   148
  1.43	   145
 1.441	   141
 1.452	   139
 1.463	   136
 1.474	   131
 1.485	   129
 1.496	   122
 1.507	   119
 1.518	   114
 1.529	   110
  1.54	   105
 1.551	   102
 1.562	    97
 1.573	    94
 1.584	    91
 1.595	    89
 1.606	    86
 1.617	    86
 1.628	    86
 1.639	    85
  1.65	    85
 1.661	    86
 1.672	    87
 1.683	    87
 1.694	    90
 1.705	    90
 1.716	    91
 1.727	    91
 1.738	    93
 1.749	    92
  1.76	    94
 1.771	    94
 1.782	    94
 1.793	    96
 1.804	    93
 1.815	    92
 1.826	    91
 1.837	    90
 1.848	    88
 1.859	    87
  1.87	    86
 1.881	    84
 1.892	    81
 1.903	    79
 1.914	    77
 1.925	    75
 1.936	    72
 1.947	    70
 1.958	    68
 1.969	    65
  1.98	    64
 1.991	    61
 2.002	    59
 2.013	    57
 2.024	    55
 2.035	    54
 2.046	    52
 2.057	    51
 2.068	    49
 2.079	    49
  2.09	    48
 2.101	    48
 2.112	    46
 2.123	    47
 2.134	    46
 2.145	    45
 2.156	    45
 2.167	    44
 2.178	    44
 2.189	    44
   2.2	    44
 2.211	    43
 2.222	    44
 2.233	    43
 2.244	    44
 2.255	    44
 2.266	    44
 2.277	    44
 2.288	    44
 2.299	    44
  2.31	    44
 2.321	    44
 2.332	    44
 2.343	    44
 2.354	    44
 2.365	    44
 2.376	    43
 2.387	    43
 2.398	    43
 2.409	    42
  2.42	    42
 2.431	    41
 2.442	    40
 2.453	    39
 2.464	    39
 2.475	    38
 2.486	    37
 2.497	    37
 2.508	    35
 2.519	    35
  2.53	    34
 2.541	    33
 2.552	    32
 2.563	    31
 2.574	    30
 2.585	    30
 2.596	    28
 2.607	    27
 2.618	    26
 2.629	    25
  2.64	    24
 2.651	    23
 2.662	    22
 2.673	    21
 2.684	    21
 2.695	    20
 2.706	    20
 2.717	    19
 2.728	    18
 2.739	    18
  2.75	    17
 2.761	    17
 2.772	    16
 2.783	    16
 2.794	    16
 2.805	    16
 2.816	    16
 2.827	    16
 2.838	    15
 2.849	    15
  2.86	    15
 2.871	    15
 2.882	    15
 2.893	    15
 2.904	    14
 2.915	    14
 2.926	    14
 2.937	    14
 2.948	    13
 2.959	    13
  2.97	    13
 2.981	    13
 2.992	    12
 3.003	    12
 3.014	    11
 3.025	    11
 3.036	    11
 3.047	    11
 3.058	    10
 3.069	    10
  3.08	    10
 3.091	    10
 3.102	     9
 3.113	     9
 3.124	     9
 3.135	     9
 3.146	     9
 3.157	     8
 3.168	     8
 3.179	     8
  3.19	     8
 3.201	     8
 3.212	     8
 3.223	     8
 3.234	     8
 3.245	     8
 3.256	     7
 3.267	     8
 3.278	     7
 3.289	     8
   3.3	     7
 3.311	     7
 3.322	     7
 3.333	     7
 3.344	     7
 3.355	     7
 3.366	     7
 3.377	     7
 3.388	     7
 3.399	     7
  3.41	     7
 3.421	     7
 3.432	     7
 3.443	     7
 3.454	     7
 3.465	     7
 3.476	     7
 3.487	     7
 3.498	     7
 3.509	     8
  3.52	     7
 3.531	     8
 3.542	     7
 3.553	     8
 3.564	     7
 3.575	     8
 3.586	     8
 3.597	     8
 3.608	     8
 3.619	     8
  3.63	     8
 3.641	     8
 3.652	     8
 3.663	     8
 3.674	     8
 3.685	     8
 3.696	     8
 3.707	     9
 3.718	     9
 3.729	     9
  3.74	     9
 3.751	     9
 3.762	     9
 3.773	    10
 3.784	     9
 3.795	    10
 3.806	    10
 3.817	    10
 3.828	    10
 3.839	    10
  3.85	    10
 3.861	    10
 3.872	    11
 3.883	    10
 3.894	    11
 3.905	    11
 3.916	    11
 3.927	    11
 3.938	    11
 3.949	    11
  3.96	    11
 3.971	    11
 3.982	    11
 3.993	    11
 4.004	    11
 4.015	    11
 4.026	    11
 4.037	    11
 4.048	    11
 4.059	    11
  4.07	    11
 4.081	    11
 4.092	    11
 4.103	    11
 4.114	    12
 4.125	    11
 4.136	    12
 4.147	    12
 4.158	    12
 4.169	    12
  4.18	    12
 4.191	    12
 4.202	    13
 4.213	    13
 4.224	    13
 4.235	    14
 4.246	    13
 4.257	    14
 4.268	    14
 4.279	    14
  4.29	    15
 4.301	    15
 4.312	    15
 4.323	    15
 4.334	    15
 4.345	    15
 4.356	    16
 4.367	    15
 4.378	    16
 4.389	    16
   4.4	    16
 4.411	    16
 4.422	    16
 4.433	    16
 4.444	    15
 4.455	    16
 4.466	    15
 4.477	    15
 4.488	    15
 4.499	    15
  4.51	    14
 4.521	    15
 4.532	    14
 4.543	    14
 4.554	    14
 4.565	    14
 4.576	    14
 4.587	    14
 4.598	    14
 4.609	    14
  4.62	    14
 4.631	    14
 4.642	    13
 4.653	    14
 4.664	    13
 4.675	    14
 4.686	    13
 4.697	    14
 4.708	    13
 4.719	    14
  4.73	    13
 4.741	    14
 4.752	    13
 4.763	    14
 4.774	    14
 4.785	    14
 4.796	    14
 4.807	    14
 4.818	    15
 4.829	    15
  4.84	    15
 4.851	    15
 4.862	    15
 4.873	    15
 4.884	    15
 4.895	    15
 4.906	    15
 4.917	    16
 4.928	    15
 4.939	    16
  4.95	    15
 4.961	    16
 4.972	    15
 4.983	    16
 4.994	    15
 5.005	    15
 5.016	    15
 5.027	    15
 5.038	    15
 5.049	    15
  5.06	    14
 5.071	    14
 5.082	    14
 5.093	    14
 5.104	    13
 5.115	    13
 5.126	    13
 5.137	    13
 5.148	    12
 5.159	    13
  5.17	    12
 5.181	    12
 5.192	    12
 5.203	    12
 5.214	    11
 5.225	    12
 5.236	    12
 5.247	    12
 5.258	    12
 5.269	    11
  5.28	    12
 5.291	    12
 5.302	    12
 5.313	    12
 5.324	    12
 5.335	    12
 5.346	    12
 5.357	    12
 5.368	    12
 5.379	    12
  5.39	    12
 5.401	    12
 5.412	    12
 5.423	    12
 5.434	    12
 5.445	    12
 5.456	    11
 5.467	    12
 5.478	    11
 5.489	    11
   5.5	    11
 5.511	    11
 5.522	    11
 5.533	    11
 5.544	    10
 5.555	    10
 5.566	    10
 5.577	    10
 5.588	    10
 5.599	    10
  5.61	    10
 5.621	    10
 5.632	     9
 5.643	     9
 5.654	     9
 5.665	     9
 5.676	     8
 5.687	     9
 5.698	     9
 5.709	     9
  5.72	     8
 5.731	     9
 5.742	     8
 5.753	     8
 5.764	     8
 5.775	     8
 5.786	     8
 5.797	     8
 5.808	     8
 5.819	     8
  5.83	     8
 5.841	     8
 5.852	     8
 5.863	     8
 5.874	     8
 5.885	     8
 5.896	     8
 5.907	     8
 5.918	     8
 5.929	     8
  5.94	     8
 5.951	     8
 5.962	     8
 5.973	     8
 5.984	     8
 5.995	     8
 6.006	     8
 6.017	     7
 6.028	     8
 6.039	     7
  6.05	     8
 6.061	     8
 6.072	     7
 6.083	     8
 6.094	     7
 6.105	     8
 6.116	     7
 6.127	     7
 6.138	     7
 6.149	     8
  6.16	     7
 6.171	     7
 6.182	     7
 6.193	     7
 6.204	     7
 6.215	     7
 6.226	     7
 6.237	     7
 6.248	     7
 6.259	     7
  6.27	     7
 6.281	     7
 6.292	     7
 6.303	     7
 6.314	     7
 6.325	     7
 6.336	     7
 6.347	     7
 6.358	     6
 6.369	     7
  6.38	     6
 6.391	     7
 6.402	     7
 6.413	     7
 6.424	     6
 6.435	     7
 6.446	     7
 6.457	     7
 6.468	     6
 6.479	     6
  6.49	     7
 6.501	     7
 6.512	     7
 6.523	     7
 6.534	     7
 6.545	     7
 6.556	     7
 6.567	     7
 6.578	     7
 6.589	     7
   6.6	     6
 6.611	     7
 6.622	     7
 6.633	     7
 6.644	     6
 6.655	     7
 6.666	     7
 6.677	     7
 6.688	     7
 6.699	     7
  6.71	     7
 6.721	     7
 6.732	     7
 6.743	     7
 6.754	     7
 6.765	     7
 6.776	     7
 6.787	     7
 6.798	     7
 6.809	     7
  6.82	     7
 6.831	     8
 6.842	     7
 6.853	     8
 6.864	     7
 6.875	     8
 6.886	     7
 6.897	     8
 6.908	     8
 6.919	     7
  6.93	     8
 6.941	     8
 6.952	     8
 6.963	     8
 6.974	     8
 6.985	     8
 6.996	     8
 7.007	     8
 7.018	     8
 7.029	     8
  7.04	     7
 7.051	     8
 7.062	     7
 7.073	     8
 7.084	     7
 7.095	     8
 7.106	     8
 7.117	     8
 7.128	     7
 7.139	     8
  7.15	     8
 7.161	     8
 7.172	     8
 7.183	     8
 7.194	     8
 7.205	     8
 7.216	     8
 7.227	     8
 7.238	     8
 7.249	     8
  7.26	     8
 7.271	     8
 7.282	     8
 7.293	     8
 7.304	     8
 7.315	     9
 7.326	     8
 7.337	     8
 7.348	     8
 7.359	     9
  7.37	     9
 7.381	     9
 7.392	     8
 7.403	     9
 7.414	     9
 7.425	     9
 7.436	     9
 7.447	     9
 7.458	     9
 7.469	     9
  7.48	     9
 7.491	     9
 7.502	     9
 7.513	     9
 7.524	     9
 7.535	     9
 7.546	     9
 7.557	     9
 7.568	     9
 7.579	     9
  7.59	     9
 7.601	     9
 7.612	     9
 7.623	     9
 7.634	     9
 7.645	     9
 7.656	     9
 7.667	     9
 7.678	     9
 7.689	     9
   7.7	     9
 7.711	     8
 7.722	     9
 7.733	     9
 7.744	     8
 7.755	     9
 7.766	     8
 7.777	     9
 7.788	     8
 7.799	     9
  7.81	     8
 7.821	     9
 7.832	     9
 7.843	     9
 7.854	     9
 7.865	     9
 7.876	     9
 7.887	     9
 7.898	     9
 7.909	     9
  7.92	     9
 7.931	     9
 7.942	     9
 7.953	     9
 7.964	     9
 7.975	     9
 7.986	     9
 7.997	    10
 8.008	     9
 8.019	     9
  8.03	     9
 8.041	     9
 8.052	     9
 8.063	     9
 8.074	     9
 8.085	     9
 8.096	     9
 8.107	     9
 8.118	     9
 8.129	     9
  8.14	     9
 8.151	     9
 8.162	     9
 8.173	     9
 8.184	     8
 8.195	     8
 8.206	     8
 8.217	     8
 8.228	     8
 8.239	     8
  8.25	     8
 8.261	     8
 8.272	     8
 8.283	     8
 8.294	     8
 8.305	     8
 8.316	     8
 8.327	     8
 8.338	     8
 8.349	     8
  8.36	     8
 8.371	     8
 8.382	     8
 8.393	     8
 8.404	     8
 8.415	     8
 8.426	     8
 8.437	     8
 8.448	     8
 8.459	     8
  8.47	     8
 8.481	     8
 8.492	     8
 8.503	     8
 8.514	     8
 8.525	     8
 8.536	     8
 8.547	     8
 8.558	     8
 8.569	     8
  8.58	     8
 8.591	     8
 8.602	     8
 8.613	     8
 8.624	     8
 8.635	     8
 8.646	     8
 8.657	     8
 8.668	     8
 8.679	     8
  8.69	     8
 8.701	     8
 8.712	     8
 8.723	     8
 8.734	     7
 8.745	     8
 8.756	     7
 8.767	     8
 8.778	     7
 8.789	     8
   8.8	     7
 8.811	     8
 8.822	     7
 8.833	     7
 8.844	     7
 8.855	     7
 8.866	     7
 8.877	     7
 8.888	     7
 8.899	     7
  8.91	     7
 8.921	     7
 8.932	     7
 8.943	     7
 8.954	     7
 8.965	     7
 8.976	     7
 8.987	     7
 8.998	     7
 9.009	     7
  9.02	     7
 9.031	     7
 9.042	     7
 9.053	     7
 9.064	     7
 9.075	     7
 9.086	     7
 9.097	     7
 9.108	     7
 9.119	     7
  9.13	     7
 9.141	     7
 9.152	     7
 9.163	     7
 9.174	     7
 9.185	     7
 9.196	     6
 9.207	     7
 9.218	     7
 9.229	     7
  9.24	     6
 9.251	     7
 9.262	     6
 9.273	     7
 9.284	     7
 9.295	     7
 9.306	     7
 9.317	     7
 9.328	     7
 9.339	     7
  9.35	     7
 9.361	     7
 9.372	     7
 9.383	     7
 9.394	     6
 9.405	     7
 9.416	     6
 9.427	     7
 9.438	     6
 9.449	     7
  9.46	     6
 9.471	     7
 9.482	     6
 9.493	     7
 9.504	     6
 9.515	     7
 9.526	     6
 9.537	     7
 9.548	     6
 9.559	     6
  9.57	     7
 9.581	     6
 9.592	     7
 9.603	     6
 9.614	     7
 9.625	     7
 9.636	     6
 9.647	     7
 9.658	     6
 9.669	     7
  9.68	     6
 9.691	     7
 9.702	     6
 9.713	     7
 9.724	     6
 9.735	     7
 9.746	     6
 9.757	     7
 9.768	     6
 9.779	     7
  9.79	     7
 9.801	     6
 9.812	     7
 9.823	     6
 9.834	     7
 9.845	     6
 9.856	     7
 9.867	     7
 9.878	     7
 9.889	     7
   9.9	     6
 9.911	     7
 9.922	     7
 9.933	     7
 9.944	     6
 9.955	     7
 9.966	     7
 9.977	     7
 9.988	     7
 9.999	     7
 10.01	     7
10.021	     7
10.032	     7
10.043	     7
10.054	     7
10.065	     7
10.076	     7
10.087	     7
10.098	     7
10.109	     7
 10.12	     7
10.131	     7
10.142	     7
10.153	     7
10.164	     7
10.175	     7
10.186	     7
10.197	     7
10.208	     7
10.219	     7
 10.23	     7
10.241	     7
10.252	     7
10.263	     7
10.274	     7
10.285	     7
10.296	     7
10.307	     7
10.318	     7
10.329	     7
 10.34	     7
10.351	     7
10.362	     7
10.373	     7
10.384	     7
10.395	     7
10.406	     7
10.417	     7
10.428	     7
10.439	     7
 10.45	     7
10.461	     7
10.472	     7
10.483	     8
10.494	     7
10.505	     7
10.516	     7
10.527	     7
10.538	     8
10.549	     7
 10.56	     8
10.571	     7
10.582	     8
10.593	     8
10.604	     7
10.615	     8
10.626	     7
10.637	     8
10.648	     7
10.659	     8
 10.67	     7
10.681	     8
10.692	     7
10.703	     7
10.714	     7
10.725	     7
10.736	     7
10.747	     7
10.758	     8
10.769	     7
 10.78	     7
10.791	     7
10.802	     7
10.813	     7
10.824	     7
10.835	     8
10.846	     7
10.857	     7
10.868	     7
10.879	     7
 10.89	     7
10.901	     7
10.912	     7
10.923	     7
10.934	     7
10.945	     7
10.956	     7
10.967	     7
10.978	     7
10.989	     7
    11	     7
11.011	     7
11.022	     8
11.033	     7
11.044	     7
11.055	     8
11.066	     7
11.077	     8
11.088	     7
11.099	     8
 11.11	     7
11.121	     8
11.132	     7
11.143	     8
11.154	     7
11.165	     8
11.176	     8
11.187	     8
11.198	     7
11.209	     7
 11.22	     8
11.231	     7
11.242	     8
11.253	     7
11.264	     7
11.275	     7
11.286	     7
11.297	     7
11.308	     7
11.319	     8
 11.33	     7
11.341	     7
11.352	     7
11.363	     7
11.374	     7
11.385	     7
11.396	     7
11.407	     7
11.418	     7
11.429	     7
 11.44	     7
11.451	     7
11.462	     7
11.473	     7
11.484	     7
11.495	     7
11.506	     7
11.517	     7
11.528	     7
11.539	     7
 11.55	     7
11.561	     7
11.572	     7
11.583	     7
11.594	     7
11.605	     7
11.616	     7
11.627	     7
11.638	     7
11.649	     7
 11.66	     7
11.671	     7
11.682	     7
11.693	     7
11.704	     7
11.715	     7
11.726	     7
11.737	     7
11.748	     7
11.759	     7
 11.77	     7
11.781	     7
11.792	     7
11.803	     7
11.814	     7
11.825	     7
11.836	     6
11.847	     7
11.858	     7
11.869	     7
 11.88	     6
11.891	     7
11.902	     7
11.913	     7
11.924	     7
11.935	     7
11.946	     7
11.957	     7
11.968	     7
11.979	     7
 11.99	     7
