position , intensity
-12.001  , 7
-11.99   , 7
-11.979  , 7
-11.968  , 7
-11.957  , 7
-11.946  , 7
-11.935  , 7
-11.924  , 7
-11.913  , 7
-11.902  , 7
-11.891  , 7
-11.88   , 7
-11.869  , 7
-11.858  , 7
-11.847  , 7
-11.836  , 7
-11.825  , 7
-11.814  , 7
-11.803  , 7
-11.792  , 7
-11.781  , 7
-11.77   , 7
-11.759  , 7
-11.748  , 7
-11.737  , 7
-11.726  , 7
-11.715  , 7
-11.704  , 7
-11.693  , 8
-11.682  , 7
-11.671  , 7
-11.66   , 7
-11.649  , 7
-11.638  , 8
-11.627  , 8
-11.616  , 8
-11.605  , 8
-11.594  , 8
-11.583  , 8
-11.572  , 8
-11.561  , 8
-11.55   , 8
-11.539  , 8
-11.528  , 8
-11.517  , 8
-11.506  , 8
-11.495  , 8
-11.484  , 8
-11.473  , 9
-11.462  , 8
-11.451  , 9
-11.44   , 8
-11.429  , 9
-11.418  , 9
-11.407  , 9
-11.396  , 9
-11.385  , 9
-11.374  , 9
-11.363  , 9
-11.352  , 9
-11.341  , 9
-11.33   , 9
-11.319  , 9
-11.308  , 9
-11.297  , 9
-11.286  , 9
-11.275  , 10
-11.264  , 9
-11.253  , 10
-11.242  , 9
-11.231  , 10
-11.22   , 9
-11.209  , 10
-11.198  , 9
-11.187  , 10
-11.176  , 9
-11.165  , 10
-11.154  , 10
-11.143  , 9
-11.132  , 9
-11.121  , 9
-11.11   , 10
-11.099  , 9
-11.088  , 9
-11.077  , 9
-11.066  , 9
-11.055  , 9
-11.044  , 9
-11.033  , 9
-11.022  , 9
-11.011  , 9
-11      , 8
-10.989  , 9
-10.978  , 8
-10.967  , 9
-10.956  , 8
-10.945  , 8
-10.934  , 8
-10.923  , 8
-10.912  , 8
-10.901  , 8
-10.89   , 8
-10.879  , 8
-10.868  , 8
-10.857  , 8
-10.846  , 8
-10.835  , 8
-10.824  , 7
-10.813  , 8
-10.802  , 7
-10.791  , 7
-10.78   , 7
-10.769  , 8
-10.758  , 7
-10.747  , 8
-10.736  , 7
-10.725  , 8
-10.714  , 8
-10.703  , 8
-10.692  , 8
-10.681  , 8
-10.67   , 8
-10.659  , 8
-10.648  , 8
-10.637  , 8
-10.626  , 9
-10.615  , 8
-10.604  , 9
-10.593  , 9
-10.582  , 9
-10.571  , 9
-10.56   , 9
-10.549  , 10
-10.538  , 9
-10.527  , 10
-10.516  , 10
-10.505  , 10
-10.494  , 10
-10.483  , 10
-10.472  , 10
-10.461  , 11
-10.45   , 11
-10.439  , 11
-10.428  , 11
-10.417  , 11
-10.406  , 11
-10.395  , 11
-10.384  , 11
-10.373  , 11
-10.362  , 11
-10.351  , 12
-10.34   , 11
-10.329  , 12
-10.318  , 11
-10.307  , 12
-10.296  , 11
-10.285  , 12
-10.274  , 11
-10.263  , 12
-10.252  , 11
-10.241  , 12
-10.23   , 12
-10.219  , 12
-10.208  , 11
-10.197  , 12
-10.186  , 11
-10.175  , 11
-10.164  , 11
-10.153  , 11
-10.142  , 11
-10.131  , 11
-10.12   , 11
-10.109  , 11
-10.098  , 11
-10.087  , 11
-10.076  , 10
-10.065  , 11
-10.054  , 10
-10.043  , 11
-10.032  , 10
-10.021  , 10
-10.01   , 10
-9.999   , 10
-9.988   , 9
-9.977   , 9
-9.966   , 9
-9.955   , 9
-9.944   , 9
-9.933   , 9
-9.922   , 9
-9.911   , 9
-9.9     , 8
-9.889   , 8
-9.878   , 8
-9.867   , 8
-9.856   , 8
-9.845   , 8
-9.834   , 8
-9.823   , 8
-9.812   , 7
-9.801   , 8
-9.79    , 7
-9.779   , 8
-9.768   , 7
-9.757   , 7
-9.746   , 7
-9.735   , 7
-9.724   , 7
-9.713   , 7
-9.702   , 7
-9.691   , 7
-9.68    , 7
-9.669   , 7
-9.658   , 7
-9.647   , 7
-9.636   , 7
-9.625   , 7
-9.614   , 7
-9.603   , 7
-9.592   , 7
-9.581   , 7
-9.57    , 7
-9.559   , 7
-9.548   , 7
-9.537   , 7
-9.526   , 7
-9.515   , 7
-9.504   , 7
-9.493   , 7
-9.482   , 7
-9.471   , 7
-9.46    , 7
-9.449   , 7
-9.438   , 7
-9.427   , 7
-9.416   , 7
-9.405   , 7
-9.394   , 7
-9.383   , 7
-9.372   , 7
-9.361   , 7
-9.35    , 7
-9.339   , 7
-9.328   , 7
-9.317   , 7
-9.306   , 7
-9.295   , 7
-9.284   , 7
-9.273   , 7
-9.262   , 7
-9.251   , 7
-9.24    , 7
-9.229   , 7
-9.218   , 7
-9.207   , 7
-9.196   , 7
-9.185   , 7
-9.174   , 7
-9.163   , 7
-9.152   , 7
-9.141   , 7
-9.13    , 7
-9.119   , 7
-9.108   , 7
-9.097   , 7
-9.086   , 7
-9.075   , 7
-9.064   , 7
-9.053   , 7
-9.042   , 7
-9.031   , 7
-9.02    , 7
-9.009   , 7
-8.998   , 7
-8.987   , 7
-8.976   , 7
-8.965   , 7
-8.954   , 7
-8.943   , 7
-8.932   , 7
-8.921   , 7
-8.91    , 7
-8.899   , 7
-8.888   , 7
-8.877   , 7
-8.866   , 7
-8.855   , 7
-8.844   , 7
-8.833   , 7
-8.822   , 7
-8.811   , 7
-8.8     , 7
-8.789   , 7
-8.778   , 7
-8.767   , 7
-8.756   , 7
-8.745   , 7
-8.734   , 7
-8.723   , 7
-8.712   , 7
-8.701   , 7
-8.69    , 7
-8.679   , 7
-8.668   , 7
-8.657   , 7
-8.646   , 7
-8.635   , 7
-8.624   , 7
-8.613   , 8
-8.602   , 7
-8.591   , 8
-8.58    , 7
-8.569   , 7
-8.558   , 8
-8.547   , 8
-8.536   , 8
-8.525   , 8
-8.514   , 8
-8.503   , 8
-8.492   , 8
-8.481   , 8
-8.47    , 8
-8.459   , 9
-8.448   , 9
-8.437   , 9
-8.426   , 9
-8.415   , 9
-8.404   , 9
-8.393   , 10
-8.382   , 10
-8.371   , 10
-8.36    , 10
-8.349   , 11
-8.338   , 11
-8.327   , 11
-8.316   , 11
-8.305   , 11
-8.294   , 12
-8.283   , 12
-8.272   , 12
-8.261   , 12
-8.25    , 12
-8.239   , 12
-8.228   , 13
-8.217   , 13
-8.206   , 13
-8.195   , 13
-8.184   , 13
-8.173   , 13
-8.162   , 13
-8.151   , 14
-8.14    , 13
-8.129   , 14
-8.118   , 13
-8.107   , 14
-8.096   , 13
-8.085   , 14
-8.074   , 13
-8.063   , 13
-8.052   , 13
-8.041   , 13
-8.03    , 13
-8.019   , 13
-8.008   , 13
-7.997   , 13
-7.986   , 12
-7.975   , 12
-7.964   , 12
-7.953   , 12
-7.942   , 12
-7.931   , 12
-7.92    , 11
-7.909   , 12
-7.898   , 11
-7.887   , 11
-7.876   , 10
-7.865   , 11
-7.854   , 10
-7.843   , 10
-7.832   , 10
-7.821   , 10
-7.81    , 10
-7.799   , 9
-7.788   , 9
-7.777   , 9
-7.766   , 9
-7.755   , 9
-7.744   , 9
-7.733   , 9
-7.722   , 9
-7.711   , 9
-7.7     , 9
-7.689   , 9
-7.678   , 9
-7.667   , 9
-7.656   , 8
-7.645   , 9
-7.634   , 9
-7.623   , 9
-7.612   , 9
-7.601   , 9
-7.59    , 9
-7.579   , 9
-7.568   , 9
-7.557   , 9
-7.546   , 9
-7.535   , 9
-7.524   , 9
-7.513   , 10
-7.502   , 10
-7.491   , 10
-7.48    , 10
-7.469   , 11
-7.458   , 11
-7.447   , 11
-7.436   , 11
-7.425   , 12
-7.414   , 12
-7.403   , 12
-7.392   , 12
-7.381   , 13
-7.37    , 13
-7.359   , 13
-7.348   , 14
-7.337   , 14
-7.326   , 14
-7.315   , 14
-7.304   , 15
-7.293   , 15
-7.282   , 15
-7.271   , 15
-7.26    , 16
-7.249   , 16
-7.238   , 16
-7.227   , 17
-7.216   , 17
-7.205   , 17
-7.194   , 17
-7.183   , 18
-7.172   , 17
-7.161   , 18
-7.15    , 18
-7.139   , 18
-7.128   , 18
-7.117   , 18
-7.106   , 18
-7.095   , 18
-7.084   , 18
-7.073   , 17
-7.062   , 17
-7.051   , 17
-7.04    , 17
-7.029   , 17
-7.018   , 16
-7.007   , 16
-6.996   , 15
-6.985   , 16
-6.974   , 15
-6.963   , 15
-6.952   , 14
-6.941   , 14
-6.93    , 14
-6.919   , 13
-6.908   , 13
-6.897   , 13
-6.886   , 12
-6.875   , 12
-6.864   , 12
-6.853   , 11
-6.842   , 11
-6.831   , 11
-6.82    , 10
-6.809   , 10
-6.798   , 10
-6.787   , 10
-6.776   , 9
-6.765   , 9
-6.754   , 9
-6.743   , 9
-6.732   , 8
-6.721   , 9
-6.71    , 8
-6.699   , 8
-6.688   , 8
-6.677   , 8
-6.666   , 8
-6.655   , 8
-6.644   , 8
-6.633   , 8
-6.622   , 8
-6.611   , 8
-6.6     , 8
-6.589   , 8
-6.578   , 8
-6.567   , 8
-6.556   , 7
-6.545   , 8
-6.534   , 7
-6.523   , 8
-6.512   , 7
-6.501   , 8
-6.49    , 8
-6.479   , 8
-6.468   , 7
-6.457   , 8
-6.446   , 8
-6.435   , 8
-6.424   , 8
-6.413   , 8
-6.402   , 8
-6.391   , 8
-6.38    , 8
-6.369   , 8
-6.358   , 8
-6.347   , 8
-6.336   , 8
-6.325   , 8
-6.314   , 8
-6.303   , 8
-6.292   , 8
-6.281   , 8
-6.27    , 8
-6.259   , 8
-6.248   , 8
-6.237   , 8
-6.226   , 8
-6.215   , 8
-6.204   , 8
-6.193   , 8
-6.182   , 8
-6.171   , 8
-6.16    , 8
-6.149   , 8
-6.138   , 8
-6.127   , 8
-6.116   , 8
-6.105   , 8
-6.094   , 8
-6.083   , 8
-6.072   , 7
-6.061   , 8
-6.05    , 7
-6.039   , 8
-6.028   , 7
-6.017   , 8
-6.006   , 7
-5.995   , 8
-5.984   , 7
-5.973   , 8
-5.962   , 8
-5.951   , 8
-5.94    , 8
-5.929   , 8
-5.918   , 8
-5.907   , 8
-5.896   , 8
-5.885   , 8
-5.874   , 8
-5.863   , 8
-5.852   , 8
-5.841   , 8
-5.83    , 8
-5.819   , 8
-5.808   , 7
-5.797   , 8
-5.786   , 8
-5.775   , 8
-5.764   , 7
-5.753   , 8
-5.742   , 8
-5.731   , 8
-5.72    , 8
-5.709   , 8
-5.698   , 8
-5.687   , 8
-5.676   , 8
-5.665   , 8
-5.654   , 8
-5.643   , 8
-5.632   , 8
-5.621   , 8
-5.61    , 8
-5.599   , 8
-5.588   , 8
-5.577   , 9
-5.566   , 8
-5.555   , 9
-5.544   , 9
-5.533   , 9
-5.522   , 9
-5.511   , 10
-5.5     , 10
-5.489   , 10
-5.478   , 10
-5.467   , 10
-5.456   , 11
-5.445   , 11
-5.434   , 12
-5.423   , 12
-5.412   , 12
-5.401   , 12
-5.39    , 13
-5.379   , 13
-5.368   , 14
-5.357   , 14
-5.346   , 15
-5.335   , 15
-5.324   , 15
-5.313   , 16
-5.302   , 16
-5.291   , 17
-5.28    , 17
-5.269   , 18
-5.258   , 18
-5.247   , 18
-5.236   , 18
-5.225   , 19
-5.214   , 20
-5.203   , 20
-5.192   , 20
-5.181   , 21
-5.17    , 21
-5.159   , 22
-5.148   , 22
-5.137   , 23
-5.126   , 23
-5.115   , 24
-5.104   , 24
-5.093   , 25
-5.082   , 25
-5.071   , 26
-5.06    , 25
-5.049   , 26
-5.038   , 26
-5.027   , 27
-5.016   , 27
-5.005   , 27
-4.994   , 27
-4.983   , 27
-4.972   , 27
-4.961   , 27
-4.95    , 28
-4.939   , 27
-4.928   , 27
-4.917   , 27
-4.906   , 27
-4.895   , 27
-4.884   , 27
-4.873   , 27
-4.862   , 26
-4.851   , 27
-4.84    , 25
-4.829   , 26
-4.818   , 25
-4.807   , 25
-4.796   , 24
-4.785   , 24
-4.774   , 23
-4.763   , 23
-4.752   , 22
-4.741   , 22
-4.73    , 21
-4.719   , 20
-4.708   , 20
-4.697   , 19
-4.686   , 18
-4.675   , 18
-4.664   , 17
-4.653   , 17
-4.642   , 16
-4.631   , 16
-4.62    , 15
-4.609   , 15
-4.598   , 14
-4.587   , 14
-4.576   , 14
-4.565   , 14
-4.554   , 14
-4.543   , 14
-4.532   , 13
-4.521   , 14
-4.51    , 14
-4.499   , 14
-4.488   , 15
-4.477   , 15
-4.466   , 16
-4.455   , 16
-4.444   , 17
-4.433   , 18
-4.422   , 18
-4.411   , 19
-4.4     , 20
-4.389   , 21
-4.378   , 22
-4.367   , 23
-4.356   , 23
-4.345   , 24
-4.334   , 25
-4.323   , 26
-4.312   , 27
-4.301   , 28
-4.29    , 29
-4.279   , 30
-4.268   , 31
-4.257   , 32
-4.246   , 33
-4.235   , 34
-4.224   , 35
-4.213   , 35
-4.202   , 36
-4.191   , 37
-4.18    , 38
-4.169   , 39
-4.158   , 39
-4.147   , 40
-4.136   , 40
-4.125   , 41
-4.114   , 41
-4.103   , 41
-4.092   , 41
-4.081   , 42
-4.07    , 41
-4.059   , 42
-4.048   , 42
-4.037   , 42
-4.026   , 42
-4.015   , 42
-4.004   , 41
-3.993   , 42
-3.982   , 41
-3.971   , 41
-3.96    , 41
-3.949   , 41
-3.938   , 40
-3.927   , 40
-3.916   , 39
-3.905   , 39
-3.894   , 38
-3.883   , 38
-3.872   , 37
-3.861   , 37
-3.85    , 36
-3.839   , 35
-3.828   , 34
-3.817   , 34
-3.806   , 33
-3.795   , 32
-3.784   , 31
-3.773   , 30
-3.762   , 30
-3.751   , 29
-3.74    , 28
-3.729   , 27
-3.718   , 25
-3.707   , 25
-3.696   , 23
-3.685   , 23
-3.674   , 22
-3.663   , 21
-3.652   , 20
-3.641   , 20
-3.63    , 19
-3.619   , 18
-3.608   , 17
-3.597   , 17
-3.586   , 16
-3.575   , 15
-3.564   , 15
-3.553   , 14
-3.542   , 14
-3.531   , 13
-3.52    , 13
-3.509   , 12
-3.498   , 12
-3.487   , 12
-3.476   , 11
-3.465   , 11
-3.454   , 11
-3.443   , 11
-3.432   , 10
-3.421   , 11
-3.41    , 10
-3.399   , 11
-3.388   , 10
-3.377   , 10
-3.366   , 10
-3.355   , 10
-3.344   , 10
-3.333   , 10
-3.322   , 10
-3.311   , 10
-3.3     , 10
-3.289   , 10
-3.278   , 10
-3.267   , 10
-3.256   , 10
-3.245   , 10
-3.234   , 10
-3.223   , 10
-3.212   , 10
-3.201   , 10
-3.19    , 10
-3.179   , 10
-3.168   , 10
-3.157   , 10
-3.146   , 10
-3.135   , 10
-3.124   , 10
-3.113   , 10
-3.102   , 10
-3.091   , 10
-3.08    , 9
-3.069   , 9
-3.058   , 9
-3.047   , 9
-3.036   , 9
-3.025   , 9
-3.014   , 9
-3.003   , 9
-2.992   , 9
-2.981   , 10
-2.97    , 9
-2.959   , 10
-2.948   , 9
-2.937   , 10
-2.926   , 9
-2.915   , 10
-2.904   , 9
-2.893   , 10
-2.882   , 10
-2.871   , 10
-2.86    , 10
-2.849   , 10
-2.838   , 10
-2.827   , 10
-2.816   , 10
-2.805   , 10
-2.794   , 10
-2.783   , 11
-2.772   , 10
-2.761   , 11
-2.75    , 11
-2.739   , 11
-2.728   , 10
-2.717   , 11
-2.706   , 11
-2.695   , 11
-2.684   , 11
-2.673   , 11
-2.662   , 11
-2.651   , 11
-2.64    , 11
-2.629   , 12
-2.618   , 12
-2.607   , 12
-2.596   , 12
-2.585   , 12
-2.574   , 12
-2.563   , 12
-2.552   , 12
-2.541   , 12
-2.53    , 12
-2.519   , 13
-2.508   , 12
-2.497   , 13
-2.486   , 13
-2.475   , 13
-2.464   , 13
-2.453   , 14
-2.442   , 14
-2.431   , 14
-2.42    , 14
-2.409   , 15
-2.398   , 16
-2.387   , 16
-2.376   , 17
-2.365   , 18
-2.354   , 19
-2.343   , 19
-2.332   , 20
-2.321   , 21
-2.31    , 22
-2.299   , 24
-2.288   , 25
-2.277   , 27
-2.266   , 28
-2.255   , 31
-2.244   , 33
-2.233   , 35
-2.222   , 37
-2.211   , 39
-2.2     , 42
-2.189   , 45
-2.178   , 49
-2.167   , 53
-2.156   , 58
-2.145   , 61
-2.134   , 66
-2.123   , 69
-2.112   , 74
-2.101   , 79
-2.09    , 84
-2.079   , 88
-2.068   , 94
-2.057   , 98
-2.046   , 102
-2.035   , 107
-2.024   , 110
-2.013   , 115
-2.002   , 119
-1.991   , 123
-1.98    , 126
-1.969   , 130
-1.958   , 133
-1.947   , 135
-1.936   , 139
-1.925   , 142
-1.914   , 144
-1.903   , 145
-1.892   , 146
-1.881   , 147
-1.87    , 149
-1.859   , 149
-1.848   , 147
-1.837   , 148
-1.826   , 148
-1.815   , 147
-1.804   , 144
-1.793   , 143
-1.782   , 141
-1.771   , 139
-1.76    , 136
-1.749   , 135
-1.738   , 131
-1.727   , 128
-1.716   , 126
-1.705   , 123
-1.694   , 118
-1.683   , 116
-1.672   , 112
-1.661   , 109
-1.65    , 106
-1.639   , 103
-1.628   , 100
-1.617   , 98
-1.606   , 95
-1.595   , 94
-1.584   , 92
-1.573   , 91
-1.562   , 88
-1.551   , 86
-1.54    , 84
-1.529   , 83
-1.518   , 80
-1.507   , 79
-1.496   , 77
-1.485   , 75
-1.474   , 73
-1.463   , 72
-1.452   , 70
-1.441   , 69
-1.43    , 68
-1.419   , 67
-1.408   , 67
-1.397   , 66
-1.386   , 67
-1.375   , 69
-1.364   , 70
-1.353   , 72
-1.342   , 75
-1.331   , 78
-1.32    , 82
-1.309   , 87
-1.298   , 93
-1.287   , 97
-1.276   , 102
-1.265   , 108
-1.254   , 114
-1.243   , 120
-1.232   , 127
-1.221   , 135
-1.21    , 144
-1.199   , 155
-1.188   , 164
-1.177   , 175
-1.166   , 188
-1.155   , 196
-1.144   , 208
-1.133   , 219
-1.122   , 232
-1.111   , 245
-1.1     , 255
-1.089   , 255
-1.078   , 255
-1.067   , 255
-1.056   , 255
-1.045   , 255
-1.034   , 255
-1.023   , 255
-1.012   , 255
-1.001   , 255
-0.99    , 255
-0.979   , 255
-0.968   , 255
-0.957   , 255
-0.946   , 255
-0.935   , 255
-0.924   , 255
-0.913   , 255
-0.902   , 255
-0.891   , 255
-0.88    , 255
-0.869   , 255
-0.858   , 255
-0.847   , 255
-0.836   , 255
-0.825   , 255
-0.814   , 255
-0.803   , 255
-0.792   , 255
-0.781   , 255
-0.77    , 255
-0.759   , 255
-0.748   , 255
-0.737   , 255
-0.726   , 255
-0.715   , 255
-0.704   , 255
-0.693   , 255
-0.682   , 255
-0.671   , 255
-0.66    , 255
-0.649   , 255
-0.638   , 255
-0.627   , 255
-0.616   , 255
-0.605   , 255
-0.594   , 255
-0.583   , 255
-0.572   , 254
-0.561   , 243
-0.55    , 232
-0.539   , 222
-0.528   , 209
-0.517   , 201
-0.506   , 190
-0.495   , 180
-0.484   , 170
-0.473   , 164
-0.462   , 156
-0.451   , 153
-0.44    , 148
-0.429   , 145
-0.418   , 142
-0.407   , 142
-0.396   , 140
-0.385   , 142
-0.374   , 142
-0.363   , 144
-0.352   , 145
-0.341   , 147
-0.33    , 149
-0.319   , 151
-0.308   , 157
-0.297   , 165
-0.286   , 172
-0.275   , 180
-0.264   , 189
-0.253   , 198
-0.242   , 210
-0.231   , 223
-0.22    , 235
-0.209   , 247
-0.198   , 255
-0.187   , 255
-0.176   , 255
-0.165   , 255
-0.154   , 255
-0.143   , 255
-0.132   , 255
-0.121   , 255
-0.11    , 255
-0.099   , 255
-0.088   , 255
-0.077   , 255
-0.066   , 255
-0.055   , 255
-0.044   , 255
-0.033   , 255
-0.022   , 255
-0.011   , 255
0        , 255
0.011    , 255
0.022    , 255
0.033    , 255
0.044    , 255
0.055    , 255
0.066    , 255
0.077    , 255
0.088    , 255
0.099    , 255
0.11     , 255
0.121    , 255
0.132    , 255
0.143    , 255
0.154    , 255
0.165    , 255
0.176    , 255
0.187    , 255
0.198    , 255
0.209    , 255
0.22     , 255
0.231    , 255
0.242    , 255
0.253    , 255
0.264    , 255
0.275    , 255
0.286    , 255
0.297    , 255
0.308    , 255
0.319    , 255
0.33     , 255
0.341    , 255
0.352    , 255
0.363    , 255
0.374    , 255
0.385    , 255
0.396    , 255
0.407    , 255
0.418    , 255
0.429    , 255
0.44     , 255
0.451    , 255
0.462    , 255
0.473    , 255
0.484    , 255
0.495    , 255
0.506    , 250
0.517    , 238
0.528    , 220
0.539    , 209
0.55     , 191
0.561    , 181
0.572    , 167
0.583    , 161
0.594    , 152
0.605    , 149
0.616    , 144
0.627    , 141
0.638    , 139
0.649    , 137
0.66     , 139
0.671    , 139
0.682    , 144
0.693    , 147
0.704    , 152
0.715    , 158
0.726    , 166
0.737    , 174
0.748    , 181
0.759    , 190
0.77     , 200
0.781    , 211
0.792    , 221
0.803    , 229
0.814    , 239
0.825    , 246
0.836    , 254
0.847    , 255
0.858    , 255
0.869    , 255
0.88     , 255
0.891    , 255
0.902    , 255
0.913    , 255
0.924    , 255
0.935    , 255
0.946    , 255
0.957    , 255
0.968    , 255
0.979    , 255
0.99     , 255
1.001    , 255
1.012    , 255
1.023    , 255
1.034    , 255
1.045    , 255
1.056    , 255
1.067    , 255
1.078    , 255
1.089    , 255
1.1      , 255
1.111    , 255
1.122    , 255
1.133    , 255
1.144    , 255
1.155    , 255
1.166    , 255
1.177    , 255
1.188    , 255
1.199    , 255
1.21     , 255
1.221    , 255
1.232    , 255
1.243    , 255
1.254    , 255
1.265    , 255
1.276    , 255
1.287    , 255
1.298    , 255
1.309    , 255
1.32     , 255
1.331    , 255
1.342    , 255
1.353    , 255
1.364    , 255
1.375    , 255
1.386    , 255
1.397    , 255
1.408    , 255
1.419    , 255
1.43     , 255
1.441    , 255
1.452    , 255
1.463    , 255
1.474    , 255
1.485    , 255
1.496    , 255
1.507    , 254
1.518    , 235
1.529    , 223
1.54     , 203
1.551    , 190
1.562    , 175
1.573    , 164
1.584    , 150
1.595    , 137
1.606    , 121
1.617    , 112
1.628    , 101
1.639    , 93
1.65     , 85
1.661    , 79
1.672    , 74
1.683    , 71
1.694    , 67
1.705    , 65
1.716    , 63
1.727    , 63
1.738    , 62
1.749    , 63
1.76     , 63
1.771    , 66
1.782    , 67
1.793    , 70
1.804    , 73
1.815    , 75
1.826    , 79
1.837    , 82
1.848    , 87
1.859    , 90
1.87     , 95
1.881    , 97
1.892    , 103
1.903    , 105
1.914    , 109
1.925    , 112
1.936    , 116
1.947    , 120
1.958    , 124
1.969    , 126
1.98     , 130
1.991    , 135
2.002    , 135
2.013    , 138
2.024    , 139
2.035    , 143
2.046    , 144
2.057    , 145
2.068    , 146
2.079    , 147
2.09     , 147
2.101    , 148
2.112    , 148
2.123    , 148
2.134    , 150
2.145    , 148
2.156    , 149
2.167    , 149
2.178    , 148
2.189    , 148
2.2      , 147
2.211    , 147
2.222    , 145
2.233    , 144
2.244    , 141
2.255    , 141
2.266    , 138
2.277    , 136
2.288    , 134
2.299    , 131
2.31     , 129
2.321    , 126
2.332    , 124
2.343    , 121
2.354    , 118
2.365    , 115
2.376    , 112
2.387    , 108
2.398    , 106
2.409    , 102
2.42     , 99
2.431    , 95
2.442    , 91
2.453    , 88
2.464    , 84
2.475    , 81
2.486    , 77
2.497    , 74
2.508    , 71
2.519    , 69
2.53     , 66
2.541    , 63
2.552    , 60
2.563    , 57
2.574    , 54
2.585    , 51
2.596    , 48
2.607    , 45
2.618    , 42
2.629    , 39
2.64     , 37
2.651    , 34
2.662    , 32
2.673    , 30
2.684    , 27
2.695    , 26
2.706    , 23
2.717    , 22
2.728    , 20
2.739    , 20
2.75     , 18
2.761    , 18
2.772    , 16
2.783    , 15
2.794    , 15
2.805    , 14
2.816    , 13
2.827    , 13
2.838    , 13
2.849    , 12
2.86     , 12
2.871    , 12
2.882    , 12
2.893    , 12
2.904    , 11
2.915    , 12
2.926    , 11
2.937    , 12
2.948    , 11
2.959    , 12
2.97     , 11
2.981    , 12
2.992    , 11
3.003    , 11
3.014    , 11
3.025    , 11
3.036    , 11
3.047    , 11
3.058    , 11
3.069    , 11
3.08     , 11
3.091    , 10
3.102    , 10
3.113    , 10
3.124    , 10
3.135    , 10
3.146    , 10
3.157    , 10
3.168    , 10
3.179    , 10
3.19     , 9
3.201    , 10
3.212    , 9
3.223    , 10
3.234    , 9
3.245    , 10
3.256    , 9
3.267    , 10
3.278    , 10
3.289    , 10
3.3      , 10
3.311    , 10
3.322    , 10
3.333    , 10
3.344    , 10
3.355    , 10
3.366    , 10
3.377    , 10
3.388    , 10
3.399    , 10
3.41     , 10
3.421    , 10
3.432    , 10
3.443    , 10
3.454    , 10
3.465    , 10
3.476    , 10
3.487    , 10
3.498    , 10
3.509    , 10
3.52     , 10
3.531    , 10
3.542    , 10
3.553    , 10
3.564    , 10
3.575    , 10
3.586    , 10
3.597    , 10
3.608    , 10
3.619    , 10
3.63     , 10
3.641    , 10
3.652    , 10
3.663    , 10
3.674    , 10
3.685    , 10
3.696    , 10
3.707    , 10
3.718    , 10
3.729    , 10
3.74     , 10
3.751    , 10
3.762    , 10
3.773    , 10
3.784    , 10
3.795    , 10
3.806    , 10
3.817    , 10
3.828    , 10
3.839    , 11
3.85     , 11
3.861    , 11
3.872    , 12
3.883    , 12
3.894    , 12
3.905    , 13
3.916    , 14
3.927    , 14
3.938    , 15
3.949    , 16
3.96     , 16
3.971    , 17
3.982    , 18
3.993    , 19
4.004    , 21
4.015    , 22
4.026    , 23
4.037    , 24
4.048    , 25
4.059    , 26
4.07     , 27
4.081    , 28
4.092    , 29
4.103    , 31
4.114    , 32
4.125    , 33
4.136    , 34
4.147    , 35
4.158    , 36
4.169    , 37
4.18     , 38
4.191    , 39
4.202    , 39
4.213    , 40
4.224    , 41
4.235    , 41
4.246    , 42
4.257    , 42
4.268    , 42
4.279    , 42
4.29     , 43
4.301    , 43
4.312    , 42
4.323    , 43
4.334    , 43
4.345    , 42
4.356    , 42
4.367    , 42
4.378    , 41
4.389    , 41
4.4      , 39
4.411    , 40
4.422    , 39
4.433    , 38
4.444    , 37
4.455    , 37
4.466    , 36
4.477    , 35
4.488    , 34
4.499    , 33
4.51     , 32
4.521    , 31
4.532    , 30
4.543    , 30
4.554    , 29
4.565    , 29
4.576    , 27
4.587    , 27
4.598    , 26
4.609    , 26
4.62     , 25
4.631    , 25
4.642    , 24
4.653    , 23
4.664    , 22
4.675    , 21
4.686    , 20
4.697    , 19
4.708    , 19
4.719    , 18
4.73     , 17
4.741    , 16
4.752    , 16
4.763    , 15
4.774    , 15
4.785    , 14
4.796    , 14
4.807    , 14
4.818    , 13
4.829    , 13
4.84     , 13
4.851    , 13
4.862    , 12
4.873    , 13
4.884    , 12
4.895    , 13
4.906    , 13
4.917    , 13
4.928    , 13
4.939    , 13
4.95     , 14
4.961    , 14
4.972    , 14
4.983    , 15
4.994    , 15
5.005    , 15
5.016    , 16
5.027    , 17
5.038    , 17
5.049    , 18
5.06     , 18
5.071    , 19
5.082    , 20
5.093    , 21
5.104    , 21
5.115    , 22
5.126    , 22
5.137    , 23
5.148    , 24
5.159    , 24
5.17     , 25
5.181    , 25
5.192    , 26
5.203    , 26
5.214    , 27
5.225    , 27
5.236    , 27
5.247    , 27
5.258    , 28
5.269    , 28
5.28     , 28
5.291    , 28
5.302    , 27
5.313    , 27
5.324    , 27
5.335    , 27
5.346    , 26
5.357    , 26
5.368    , 25
5.379    , 25
5.39     , 24
5.401    , 24
5.412    , 23
5.423    , 23
5.434    , 22
5.445    , 22
5.456    , 21
5.467    , 20
5.478    , 20
5.489    , 19
5.5      , 18
5.511    , 18
5.522    , 17
5.533    , 17
5.544    , 16
5.555    , 16
5.566    , 15
5.577    , 15
5.588    , 14
5.599    , 14
5.61     , 13
5.621    , 13
5.632    , 12
5.643    , 12
5.654    , 12
5.665    , 11
5.676    , 11
5.687    , 10
5.698    , 11
5.709    , 10
5.72     , 10
5.731    , 10
5.742    , 9
5.753    , 9
5.764    , 9
5.775    , 9
5.786    , 9
5.797    , 9
5.808    , 8
5.819    , 9
5.83     , 8
5.841    , 8
5.852    , 8
5.863    , 8
5.874    , 8
5.885    , 8
5.896    , 8
5.907    , 8
5.918    , 8
5.929    , 8
5.94     , 8
5.951    , 8
5.962    , 8
5.973    , 8
5.984    , 7
5.995    , 8
6.006    , 7
6.017    , 8
6.028    , 7
6.039    , 7
6.05     , 7
6.061    , 8
6.072    , 7
6.083    , 8
6.094    , 7
6.105    , 7
6.116    , 7
6.127    , 7
6.138    , 8
6.149    , 7
6.16     , 7
6.171    , 7
6.182    , 7
6.193    , 7
6.204    , 7
6.215    , 7
6.226    , 7
6.237    , 7
6.248    , 7
6.259    , 7
6.27     , 7
6.281    , 8
6.292    , 7
6.303    , 8
6.314    , 7
6.325    , 7
6.336    , 7
6.347    , 8
6.358    , 7
6.369    , 7
6.38     , 8
6.391    , 8
6.402    , 8
6.413    , 7
6.424    , 8
6.435    , 8
6.446    , 8
6.457    , 8
6.468    , 8
6.479    , 8
6.49     , 8
6.501    , 8
6.512    , 8
6.523    , 8
6.534    , 8
6.545    , 8
6.556    , 8
6.567    , 8
6.578    , 8
6.589    , 8
6.6      , 8
6.611    , 8
6.622    , 8
6.633    , 8
6.644    , 8
6.655    , 8
6.666    , 8
6.677    , 8
6.688    , 8
6.699    , 8
6.71     , 8
6.721    , 8
6.732    , 7
6.743    , 8
6.754    , 8
6.765    , 8
6.776    , 7
6.787    , 8
6.798    , 8
6.809    , 8
6.82     , 8
6.831    , 8
6.842    , 8
6.853    , 8
6.864    , 8
6.875    , 8
6.886    , 8
6.897    , 8
6.908    , 8
6.919    , 8
6.93     , 8
6.941    , 9
6.952    , 9
6.963    , 9
6.974    , 9
6.985    , 10
6.996    , 9
7.007    , 10
7.018    , 9
7.029    , 10
7.04     , 10
7.051    , 10
7.062    , 10
7.073    , 10
7.084    , 11
7.095    , 11
7.106    , 11
7.117    , 11
7.128    , 11
7.139    , 12
7.15     , 12
7.161    , 12
7.172    , 12
7.183    , 13
7.194    , 13
7.205    , 14
7.216    , 13
7.227    , 14
7.238    , 14
7.249    , 15
7.26     , 15
7.271    , 15
7.282    , 15
7.293    , 16
7.304    , 16
7.315    , 16
7.326    , 16
7.337    , 16
7.348    , 17
7.359    , 17
7.37     , 17
7.381    , 17
7.392    , 17
7.403    , 18
7.414    , 17
7.425    , 18
7.436    , 17
7.447    , 18
7.458    , 18
7.469    , 18
7.48     , 18
7.491    , 19
7.502    , 18
7.513    , 18
7.524    , 18
7.535    , 18
7.546    , 18
7.557    , 18
7.568    , 17
7.579    , 17
7.59     , 17
7.601    , 17
7.612    , 17
7.623    , 16
7.634    , 16
7.645    , 15
7.656    , 15
7.667    , 15
7.678    , 14
7.689    , 14
7.7      , 13
7.711    , 13
7.722    , 12
7.733    , 12
7.744    , 11
7.755    , 11
7.766    , 11
7.777    , 11
7.788    , 10
7.799    , 10
7.81     , 10
7.821    , 9
7.832    , 9
7.843    , 9
7.854    , 9
7.865    , 9
7.876    , 8
7.887    , 9
7.898    , 8
7.909    , 9
7.92     , 8
7.931    , 9
7.942    , 8
7.953    , 9
7.964    , 8
7.975    , 9
7.986    , 9
7.997    , 9
8.008    , 9
8.019    , 9
8.03     , 9
8.041    , 9
8.052    , 10
8.063    , 10
8.074    , 10
8.085    , 10
8.096    , 10
8.107    , 11
8.118    , 11
8.129    , 11
8.14     , 11
8.151    , 11
8.162    , 11
8.173    , 12
8.184    , 11
8.195    , 12
8.206    , 12
8.217    , 12
8.228    , 12
8.239    , 12
8.25     , 12
8.261    , 13
8.272    , 13
8.283    , 13
8.294    , 13
8.305    , 13
8.316    , 13
8.327    , 13
8.338    , 13
8.349    , 13
8.36     , 13
8.371    , 14
8.382    , 13
8.393    , 14
8.404    , 13
8.415    , 14
8.426    , 13
8.437    , 14
8.448    , 13
8.459    , 13
8.47     , 13
8.481    , 13
8.492    , 13
8.503    , 13
8.514    , 13
8.525    , 13
8.536    , 13
8.547    , 13
8.558    , 13
8.569    , 12
8.58     , 12
8.591    , 12
8.602    , 12
8.613    , 12
8.624    , 12
8.635    , 12
8.646    , 11
8.657    , 12
8.668    , 11
8.679    , 11
8.69     , 11
8.701    , 11
8.712    , 10
8.723    , 11
8.734    , 10
8.745    , 10
8.756    , 10
8.767    , 10
8.778    , 10
8.789    , 9
8.8      , 9
8.811    , 9
8.822    , 9
8.833    , 9
8.844    , 8
8.855    , 9
8.866    , 8
8.877    , 8
8.888    , 8
8.899    , 8
8.91     , 8
8.921    , 8
8.932    , 7
8.943    , 8
8.954    , 7
8.965    , 7
8.976    , 7
8.987    , 7
8.998    , 7
9.009    , 7
9.02     , 7
9.031    , 7
9.042    , 7
9.053    , 7
9.064    , 7
9.075    , 7
9.086    , 7
9.097    , 7
9.108    , 7
9.119    , 7
9.13     , 7
9.141    , 7
9.152    , 7
9.163    , 7
9.174    , 7
9.185    , 7
9.196    , 7
9.207    , 7
9.218    , 7
9.229    , 7
9.24     , 7
9.251    , 7
9.262    , 7
9.273    , 7
9.284    , 7
9.295    , 7
9.306    , 7
9.317    , 7
9.328    , 7
9.339    , 7
9.35     , 7
9.361    , 7
9.372    , 7
9.383    , 7
9.394    , 7
9.405    , 7
9.416    , 7
9.427    , 7
9.438    , 7
9.449    , 7
9.46     , 7
9.471    , 7
9.482    , 7
9.493    , 7
9.504    , 7
9.515    , 7
9.526    , 7
9.537    , 7
9.548    , 7
9.559    , 7
9.57     , 7
9.581    , 7
9.592    , 7
9.603    , 8
9.614    , 7
9.625    , 7
9.636    , 7
9.647    , 7
9.658    , 7
9.669    , 7
9.68     , 7
9.691    , 7
9.702    , 8
9.713    , 7
9.724    , 7
9.735    , 7
9.746    , 7
9.757    , 7
9.768    , 7
9.779    , 7
9.79     , 7
9.801    , 7
9.812    , 7
9.823    , 8
9.834    , 7
9.845    , 8
9.856    , 7
9.867    , 8
9.878    , 7
9.889    , 7
9.9      , 7
9.911    , 7
9.922    , 7
9.933    , 7
9.944    , 7
9.955    , 7
9.966    , 7
9.977    , 7
9.988    , 7
9.999    , 7
10.01    , 7
10.021   , 7
10.032   , 7
10.043   , 7
10.054   , 7
10.065   , 7
10.076   , 7
10.087   , 7
10.098   , 7
10.109   , 7
10.12    , 7
10.131   , 7
10.142   , 8
10.153   , 8
10.164   , 8
10.175   , 8
10.186   , 8
10.197   , 8
10.208   , 8
10.219   , 8
10.23    , 9
10.241   , 9
10.252   , 9
10.263   , 9
10.274   , 9
10.285   , 10
10.296   , 9
10.307   , 10
10.318   , 10
10.329   , 10
10.34    , 10
10.351   , 11
10.362   , 11
10.373   , 11
10.384   , 11
10.395   , 11
10.406   , 11
10.417   , 11
10.428   , 12
10.439   , 12
10.45    , 12
10.461   , 12
10.472   , 12
10.483   , 12
10.494   , 12
10.505   , 12
10.516   , 12
10.527   , 12
10.538   , 12
10.549   , 12
10.56    , 12
10.571   , 12
10.582   , 12
10.593   , 12
10.604   , 12
10.615   , 12
10.626   , 12
10.637   , 11
10.648   , 12
10.659   , 12
10.67    , 12
10.681   , 11
10.692   , 11
10.703   , 11
10.714   , 11
10.725   , 11
10.736   , 11
10.747   , 11
10.758   , 11
10.769   , 11
10.78    , 10
10.791   , 11
10.802   , 10
10.813   , 10
10.824   , 10
10.835   , 10
10.846   , 9
10.857   , 10
10.868   , 9
10.879   , 9
10.89    , 9
10.901   , 9
10.912   , 9
10.923   , 9
10.934   , 9
10.945   , 8
10.956   , 8
10.967   , 8
10.978   , 8
10.989   , 8
11       , 8
11.011   , 8
11.022   , 7
11.033   , 8
11.044   , 7
11.055   , 8
11.066   , 7
11.077   , 7
11.088   , 7
11.099   , 7
11.11    , 7
11.121   , 7
11.132   , 7
11.143   , 7
11.154   , 7
11.165   , 7
11.176   , 7
11.187   , 8
11.198   , 7
11.209   , 8
11.22    , 7
11.231   , 8
11.242   , 8
11.253   , 8
11.264   , 8
11.275   , 8
11.286   , 8
11.297   , 8
11.308   , 8
11.319   , 8
11.33    , 9
11.341   , 9
11.352   , 9
11.363   , 9
11.374   , 9
11.385   , 9
11.396   , 9
11.407   , 9
11.418   , 9
11.429   , 10
11.44    , 9
11.451   , 10
11.462   , 9
11.473   , 10
11.484   , 9
11.495   , 10
11.506   , 9
11.517   , 10
11.528   , 9
11.539   , 10
11.55    , 10
11.561   , 10
11.572   , 9
11.583   , 9
11.594   , 9
11.605   , 9
11.616   , 9
11.627   , 9
11.638   , 9
11.649   , 9
11.66    , 9
11.671   , 9
11.682   , 9
11.693   , 9
11.704   , 8
11.715   , 9
11.726   , 8
11.737   , 9
11.748   , 8
11.759   , 9
11.77    , 8
11.781   , 8
11.792   , 8
11.803   , 8
11.814   , 8
11.825   , 8
11.836   , 8
11.847   , 8
11.858   , 8
11.869   , 8
11.88    , 8
11.891   , 8
11.902   , 8
11.913   , 7
11.924   , 7
11.935   , 8
11.946   , 7
11.957   , 7
11.968   , 7
11.979   , 8
11.99    , 7

