-12.001	     7
-11.99	     7
-11.979	     7
-11.968	     7
-11.957	     7
-11.946	     6
-11.935	     7
-11.924	     7
-11.913	     7
-11.902	     6
-11.891	     7
-11.88	     7
-11.869	     7
-11.858	     7
-11.847	     7
-11.836	     7
-11.825	     7
-11.814	     7
-11.803	     7
-11.792	     7
-11.781	     7
-11.77	     7
-11.759	     7
-11.748	     7
-11.737	     7
-11.726	     6
-11.715	     7
-11.704	     6
-11.693	     7
-11.682	     7
-11.671	     7
-11.66	     7
-11.649	     7
-11.638	     7
-11.627	     7
-11.616	     7
-11.605	     7
-11.594	     7
-11.583	     7
-11.572	     7
-11.561	     7
-11.55	     7
-11.539	     7
-11.528	     7
-11.517	     7
-11.506	     7
-11.495	     7
-11.484	     7
-11.473	     7
-11.462	     7
-11.451	     7
-11.44	     7
-11.429	     7
-11.418	     7
-11.407	     7
-11.396	     7
-11.385	     7
-11.374	     7
-11.363	     7
-11.352	     7
-11.341	     7
-11.33	     7
-11.319	     7
-11.308	     7
-11.297	     7
-11.286	     7
-11.275	     7
-11.264	     7
-11.253	     7
-11.242	     7
-11.231	     7
-11.22	     7
-11.209	     7
-11.198	     7
-11.187	     7
-11.176	     7
-11.165	     7
-11.154	     7
-11.143	     7
-11.132	     7
-11.121	     7
-11.11	     7
-11.099	     7
-11.088	     7
-11.077	     7
-11.066	     7
-11.055	     7
-11.044	     7
-11.033	     7
-11.022	     7
-11.011	     7
   -11	     6
-10.989	     7
-10.978	     6
-10.967	     7
-10.956	     6
-10.945	     7
-10.934	     6
-10.923	     7
-10.912	     7
-10.901	     7
-10.89	     7
-10.879	     6
-10.868	     7
-10.857	     6
-10.846	     7
-10.835	     7
-10.824	     7
-10.813	     7
-10.802	     6
-10.791	     7
-10.78	     6
-10.769	     7
-10.758	     6
-10.747	     7
-10.736	     6
-10.725	     7
-10.714	     6
-10.703	     7
-10.692	     7
-10.681	     7
-10.67	     7
-10.659	     7
-10.648	     7
-10.637	     7
-10.626	     7
-10.615	     6
-10.604	     7
-10.593	     6
-10.582	     6
-10.571	     7
-10.56	     7
-10.549	     7
-10.538	     6
-10.527	     7
-10.516	     6
-10.505	     7
-10.494	     6
-10.483	     7
-10.472	     6
-10.461	     7
-10.45	     7
-10.439	     7
-10.428	     7
-10.417	     7
-10.406	     7
-10.395	     7
-10.384	     7
-10.373	     7
-10.362	     7
-10.351	     7
-10.34	     7
-10.329	     7
-10.318	     6
-10.307	     7
-10.296	     7
-10.285	     7
-10.274	     6
-10.263	     7
-10.252	     7
-10.241	     7
-10.23	     6
-10.219	     7
-10.208	     7
-10.197	     7
-10.186	     7
-10.175	     7
-10.164	     7
-10.153	     7
-10.142	     7
-10.131	     7
-10.12	     7
-10.109	     7
-10.098	     7
-10.087	     7
-10.076	     7
-10.065	     7
-10.054	     7
-10.043	     7
-10.032	     7
-10.021	     7
-10.01	     7
-9.999	     7
-9.988	     7
-9.977	     7
-9.966	     7
-9.955	     7
-9.944	     7
-9.933	     7
-9.922	     7
-9.911	     7
  -9.9	     7
-9.889	     7
-9.878	     7
-9.867	     7
-9.856	     7
-9.845	     7
-9.834	     7
-9.823	     7
-9.812	     7
-9.801	     7
 -9.79	     6
-9.779	     7
-9.768	     7
-9.757	     7
-9.746	     7
-9.735	     7
-9.724	     7
-9.713	     7
-9.702	     7
-9.691	     7
 -9.68	     7
-9.669	     7
-9.658	     7
-9.647	     7
-9.636	     7
-9.625	     7
-9.614	     7
-9.603	     7
-9.592	     7
-9.581	     8
 -9.57	     7
-9.559	     8
-9.548	     7
-9.537	     8
-9.526	     8
-9.515	     8
-9.504	     8
-9.493	     8
-9.482	     8
-9.471	     8
 -9.46	     8
-9.449	     8
-9.438	     9
-9.427	     9
-9.416	     9
-9.405	     9
-9.394	     9
-9.383	     9
-9.372	     9
-9.361	     9
 -9.35	     9
-9.339	     9
-9.328	     9
-9.317	    10
-9.306	     9
-9.295	    10
-9.284	     9
-9.273	    10
-9.262	    10
-9.251	    10
 -9.24	    10
-9.229	    10
-9.218	    10
-9.207	    10
-9.196	    10
-9.185	    10
-9.174	    10
-9.163	    10
-9.152	    10
-9.141	    10
 -9.13	     9
-9.119	    10
-9.108	     9
-9.097	    10
-9.086	     9
-9.075	    10
-9.064	     9
-9.053	    10
-9.042	     9
-9.031	    10
 -9.02	     9
-9.009	     9
-8.998	     9
-8.987	     9
-8.976	     9
-8.965	     9
-8.954	     9
-8.943	     9
-8.932	     9
-8.921	     9
 -8.91	     9
-8.899	     9
-8.888	     9
-8.877	     9
-8.866	     8
-8.855	     9
-8.844	     8
-8.833	     9
-8.822	     8
-8.811	     8
  -8.8	     8
-8.789	     8
-8.778	     8
-8.767	     8
-8.756	     8
-8.745	     8
-8.734	     8
-8.723	     8
-8.712	     8
-8.701	     7
 -8.69	     7
-8.679	     7
-8.668	     8
-8.657	     8
-8.646	     7
-8.635	     8
-8.624	     7
-8.613	     8
-8.602	     7
-8.591	     8
 -8.58	     8
-8.569	     8
-8.558	     8
-8.547	     8
-8.536	     8
-8.525	     8
-8.514	     9
-8.503	     9
-8.492	     9
-8.481	     9
 -8.47	     9
-8.459	    10
-8.448	    10
-8.437	    10
-8.426	    10
-8.415	    11
-8.404	    11
-8.393	    11
-8.382	    11
-8.371	    12
 -8.36	    12
-8.349	    12
-8.338	    12
-8.327	    13
-8.316	    13
-8.305	    13
-8.294	    13
-8.283	    13
-8.272	    14
-8.261	    14
 -8.25	    14
-8.239	    14
-8.228	    14
-8.217	    14
-8.206	    14
-8.195	    14
-8.184	    14
-8.173	    14
-8.162	    14
-8.151	    14
 -8.14	    14
-8.129	    14
-8.118	    14
-8.107	    14
-8.096	    14
-8.085	    14
-8.074	    13
-8.063	    13
-8.052	    13
-8.041	    13
 -8.03	    13
-8.019	    13
-8.008	    12
-7.997	    12
-7.986	    12
-7.975	    12
-7.964	    11
-7.953	    12
-7.942	    11
-7.931	    11
 -7.92	    10
-7.909	    11
-7.898	    10
-7.887	    10
-7.876	    10
-7.865	    10
-7.854	    10
-7.843	    10
-7.832	     9
-7.821	     9
 -7.81	     9
-7.799	     9
-7.788	     9
-7.777	     9
-7.766	     9
-7.755	     9
-7.744	     9
-7.733	     9
-7.722	     9
-7.711	     9
  -7.7	     8
-7.689	     9
-7.678	     8
-7.667	     9
-7.656	     8
-7.645	     9
-7.634	     8
-7.623	     8
-7.612	     8
-7.601	     8
 -7.59	     8
-7.579	     8
-7.568	     8
-7.557	     8
-7.546	     9
-7.535	     9
-7.524	     9
-7.513	     9
-7.502	     9
-7.491	     9
 -7.48	     9
-7.469	     9
-7.458	     9
-7.447	    10
-7.436	    10
-7.425	    10
-7.414	    10
-7.403	    11
-7.392	    11
-7.381	    11
 -7.37	    11
-7.359	    11
-7.348	    12
-7.337	    12
-7.326	    12
-7.315	    12
-7.304	    13
-7.293	    13
-7.282	    13
-7.271	    13
 -7.26	    13
-7.249	    14
-7.238	    14
-7.227	    14
-7.216	    14
-7.205	    14
-7.194	    14
-7.183	    15
-7.172	    14
-7.161	    15
 -7.15	    14
-7.139	    15
-7.128	    14
-7.117	    15
-7.106	    14
-7.095	    14
-7.084	    14
-7.073	    14
-7.062	    14
-7.051	    14
 -7.04	    14
-7.029	    13
-7.018	    13
-7.007	    13
-6.996	    13
-6.985	    13
-6.974	    12
-6.963	    12
-6.952	    12
-6.941	    12
 -6.93	    11
-6.919	    12
-6.908	    11
-6.897	    11
-6.886	    11
-6.875	    10
-6.864	    10
-6.853	    10
-6.842	    10
-6.831	    10
 -6.82	     9
-6.809	     9
-6.798	     9
-6.787	     9
-6.776	     9
-6.765	     9
-6.754	     8
-6.743	     9
-6.732	     8
-6.721	     8
 -6.71	     8
-6.699	     8
-6.688	     8
-6.677	     8
-6.666	     8
-6.655	     8
-6.644	     8
-6.633	     8
-6.622	     8
-6.611	     8
  -6.6	     8
-6.589	     8
-6.578	     8
-6.567	     8
-6.556	     8
-6.545	     8
-6.534	     8
-6.523	     8
-6.512	     8
-6.501	     8
 -6.49	     8
-6.479	     8
-6.468	     8
-6.457	     9
-6.446	     8
-6.435	     9
-6.424	     9
-6.413	     9
-6.402	     9
-6.391	     9
 -6.38	     9
-6.369	     9
-6.358	     9
-6.347	     9
-6.336	     9
-6.325	     9
-6.314	     9
-6.303	    10
-6.292	     9
-6.281	    10
 -6.27	     9
-6.259	    10
-6.248	    10
-6.237	    10
-6.226	     9
-6.215	    10
-6.204	    10
-6.193	    10
-6.182	    10
-6.171	    10
 -6.16	    10
-6.149	    10
-6.138	    10
-6.127	    10
-6.116	    10
-6.105	    10
-6.094	    10
-6.083	    10
-6.072	    10
-6.061	    10
 -6.05	     9
-6.039	    10
-6.028	     9
-6.017	    10
-6.006	     9
-5.995	     9
-5.984	     9
-5.973	     9
-5.962	     9
-5.951	     9
 -5.94	     9
-5.929	     9
-5.918	     8
-5.907	     8
-5.896	     8
-5.885	     8
-5.874	     8
-5.863	     8
-5.852	     8
-5.841	     8
 -5.83	     8
-5.819	     8
-5.808	     7
-5.797	     8
-5.786	     7
-5.775	     8
-5.764	     7
-5.753	     8
-5.742	     7
-5.731	     7
 -5.72	     7
-5.709	     7
-5.698	     7
-5.687	     7
-5.676	     7
-5.665	     7
-5.654	     7
-5.643	     7
-5.632	     7
-5.621	     7
 -5.61	     7
-5.599	     7
-5.588	     7
-5.577	     7
-5.566	     7
-5.555	     7
-5.544	     7
-5.533	     7
-5.522	     7
-5.511	     7
  -5.5	     7
-5.489	     7
-5.478	     7
-5.467	     7
-5.456	     7
-5.445	     7
-5.434	     7
-5.423	     7
-5.412	     7
-5.401	     7
 -5.39	     7
-5.379	     7
-5.368	     7
-5.357	     7
-5.346	     7
-5.335	     7
-5.324	     7
-5.313	     7
-5.302	     7
-5.291	     7
 -5.28	     7
-5.269	     7
-5.258	     7
-5.247	     7
-5.236	     7
-5.225	     7
-5.214	     7
-5.203	     7
-5.192	     7
-5.181	     7
 -5.17	     7
-5.159	     7
-5.148	     7
-5.137	     7
-5.126	     7
-5.115	     7
-5.104	     7
-5.093	     7
-5.082	     7
-5.071	     7
 -5.06	     7
-5.049	     7
-5.038	     7
-5.027	     7
-5.016	     7
-5.005	     7
-4.994	     7
-4.983	     7
-4.972	     7
-4.961	     7
 -4.95	     8
-4.939	     7
-4.928	     8
-4.917	     7
-4.906	     8
-4.895	     7
-4.884	     7
-4.873	     8
-4.862	     7
-4.851	     8
 -4.84	     7
-4.829	     8
-4.818	     7
-4.807	     8
-4.796	     8
-4.785	     8
-4.774	     7
-4.763	     8
-4.752	     8
-4.741	     8
 -4.73	     8
-4.719	     8
-4.708	     8
-4.697	     8
-4.686	     8
-4.675	     8
-4.664	     8
-4.653	     8
-4.642	     8
-4.631	     8
 -4.62	     8
-4.609	     8
-4.598	     8
-4.587	     8
-4.576	     8
-4.565	     9
-4.554	     8
-4.543	     9
-4.532	     9
-4.521	     9
 -4.51	     9
-4.499	     9
-4.488	     9
-4.477	     9
-4.466	    10
-4.455	    10
-4.444	    11
-4.433	    10
-4.422	    11
-4.411	    11
  -4.4	    11
-4.389	    12
-4.378	    12
-4.367	    12
-4.356	    12
-4.345	    13
-4.334	    13
-4.323	    14
-4.312	    14
-4.301	    15
 -4.29	    15
-4.279	    15
-4.268	    16
-4.257	    16
-4.246	    17
-4.235	    17
-4.224	    18
-4.213	    18
-4.202	    19
-4.191	    19
 -4.18	    19
-4.169	    20
-4.158	    20
-4.147	    20
-4.136	    20
-4.125	    21
-4.114	    21
-4.103	    22
-4.092	    21
-4.081	    22
 -4.07	    22
-4.059	    22
-4.048	    22
-4.037	    23
-4.026	    22
-4.015	    23
-4.004	    23
-3.993	    23
-3.982	    23
-3.971	    23
 -3.96	    23
-3.949	    23
-3.938	    23
-3.927	    23
-3.916	    23
-3.905	    23
-3.894	    23
-3.883	    23
-3.872	    23
-3.861	    23
 -3.85	    22
-3.839	    22
-3.828	    22
-3.817	    22
-3.806	    21
-3.795	    21
-3.784	    21
-3.773	    20
-3.762	    20
-3.751	    19
 -3.74	    19
-3.729	    19
-3.718	    19
-3.707	    18
-3.696	    18
-3.685	    18
-3.674	    17
-3.663	    17
-3.652	    16
-3.641	    16
 -3.63	    15
-3.619	    15
-3.608	    15
-3.597	    15
-3.586	    14
-3.575	    14
-3.564	    14
-3.553	    14
-3.542	    14
-3.531	    14
 -3.52	    15
-3.509	    15
-3.498	    15
-3.487	    15
-3.476	    16
-3.465	    16
-3.454	    17
-3.443	    18
-3.432	    18
-3.421	    19
 -3.41	    20
-3.399	    21
-3.388	    22
-3.377	    23
-3.366	    24
-3.355	    26
-3.344	    27
-3.333	    28
-3.322	    30
-3.311	    31
  -3.3	    34
-3.289	    35
-3.278	    37
-3.267	    38
-3.256	    40
-3.245	    42
-3.234	    43
-3.223	    45
-3.212	    47
-3.201	    49
 -3.19	    50
-3.179	    52
-3.168	    53
-3.157	    56
-3.146	    56
-3.135	    58
-3.124	    59
-3.113	    60
-3.102	    61
-3.091	    62
 -3.08	    64
-3.069	    63
-3.058	    65
-3.047	    66
-3.036	    67
-3.025	    67
-3.014	    67
-3.003	    67
-2.992	    67
-2.981	    67
 -2.97	    67
-2.959	    67
-2.948	    67
-2.937	    67
-2.926	    65
-2.915	    66
-2.904	    65
-2.893	    65
-2.882	    64
-2.871	    65
 -2.86	    64
-2.849	    63
-2.838	    63
-2.827	    62
-2.816	    61
-2.805	    60
-2.794	    59
-2.783	    58
-2.772	    57
-2.761	    56
 -2.75	    55
-2.739	    54
-2.728	    52
-2.717	    51
-2.706	    49
-2.695	    48
-2.684	    46
-2.673	    45
-2.662	    43
-2.651	    43
 -2.64	    41
-2.629	    40
-2.618	    38
-2.607	    37
-2.596	    36
-2.585	    34
-2.574	    33
-2.563	    32
-2.552	    31
-2.541	    30
 -2.53	    30
-2.519	    29
-2.508	    28
-2.497	    27
-2.486	    27
-2.475	    27
-2.464	    26
-2.453	    27
-2.442	    26
-2.431	    27
 -2.42	    27
-2.409	    28
-2.398	    28
-2.387	    29
-2.376	    30
-2.365	    31
-2.354	    33
-2.343	    34
-2.332	    36
-2.321	    37
 -2.31	    40
-2.299	    41
-2.288	    44
-2.277	    45
-2.266	    48
-2.255	    51
-2.244	    55
-2.233	    58
-2.222	    62
-2.211	    65
  -2.2	    69
-2.189	    72
-2.178	    77
-2.167	    81
-2.156	    86
-2.145	    89
-2.134	    93
-2.123	    97
-2.112	   101
-2.101	   105
 -2.09	   109
-2.079	   111
-2.068	   114
-2.057	   116
-2.046	   119
-2.035	   122
-2.024	   123
-2.013	   125
-2.002	   127
-1.991	   127
 -1.98	   128
-1.969	   129
-1.958	   128
-1.947	   129
-1.936	   127
-1.925	   129
-1.914	   127
-1.903	   125
-1.892	   124
-1.881	   122
 -1.87	   120
-1.859	   118
-1.848	   116
-1.837	   113
-1.826	   110
-1.815	   108
-1.804	   106
-1.793	   103
-1.782	   100
-1.771	    97
 -1.76	    94
-1.749	    91
-1.738	    88
-1.727	    85
-1.716	    82
-1.705	    80
-1.694	    77
-1.683	    75
-1.672	    72
-1.661	    71
 -1.65	    70
-1.639	    68
-1.628	    67
-1.617	    66
-1.606	    64
-1.595	    63
-1.584	    61
-1.573	    59
-1.562	    56
-1.551	    55
 -1.54	    53
-1.529	    51
-1.518	    49
-1.507	    47
-1.496	    46
-1.485	    45
-1.474	    44
-1.463	    43
-1.452	    42
-1.441	    41
 -1.43	    41
-1.419	    41
-1.408	    41
-1.397	    41
-1.386	    43
-1.375	    43
-1.364	    44
-1.353	    45
-1.342	    48
-1.331	    49
 -1.32	    51
-1.309	    53
-1.298	    55
-1.287	    59
-1.276	    61
-1.265	    65
-1.254	    67
-1.243	    71
-1.232	    74
-1.221	    79
 -1.21	    82
-1.199	    85
-1.188	    89
-1.177	    93
-1.166	    98
-1.155	   103
-1.144	   109
-1.133	   113
-1.122	   118
-1.111	   123
  -1.1	   127
-1.089	   132
-1.078	   136
-1.067	   141
-1.056	   146
-1.045	   150
-1.034	   155
-1.023	   159
-1.012	   163
-1.001	   166
 -0.99	   169
-0.979	   173
-0.968	   176
-0.957	   179
-0.946	   180
-0.935	   182
-0.924	   185
-0.913	   183
-0.902	   185
-0.891	   182
 -0.88	   183
-0.869	   182
-0.858	   180
-0.847	   178
-0.836	   176
-0.825	   173
-0.814	   170
-0.803	   166
-0.792	   161
-0.781	   159
 -0.77	   153
-0.759	   149
-0.748	   146
-0.737	   141
-0.726	   135
-0.715	   130
-0.704	   124
-0.693	   119
-0.682	   114
-0.671	   109
 -0.66	   104
-0.649	    99
-0.638	    95
-0.627	    92
-0.616	    87
-0.605	    83
-0.594	    79
-0.583	    76
-0.572	    71
-0.561	    68
 -0.55	    65
-0.539	    63
-0.528	    59
-0.517	    58
-0.506	    56
-0.495	    54
-0.484	    53
-0.473	    52
-0.462	    51
-0.451	    51
 -0.44	    51
-0.429	    51
-0.418	    51
-0.407	    52
-0.396	    52
-0.385	    52
-0.374	    53
-0.363	    55
-0.352	    56
-0.341	    58
 -0.33	    60
-0.319	    63
-0.308	    65
-0.297	    69
-0.286	    72
-0.275	    75
-0.264	    78
-0.253	    82
-0.242	    86
-0.231	    91
 -0.22	    97
-0.209	   101
-0.198	   106
-0.187	   109
-0.176	   115
-0.165	   119
-0.154	   122
-0.143	   127
-0.132	   131
-0.121	   136
 -0.11	   142
-0.099	   146
-0.088	   150
-0.077	   155
-0.066	   159
-0.055	   163
-0.044	   168
-0.033	   170
-0.022	   175
-0.011	   176
     0	   180
 0.011	   185
 0.022	   187
 0.033	   191
 0.044	   193
 0.055	   195
 0.066	   199
 0.077	   198
 0.088	   201
 0.099	   202
  0.11	   204
 0.121	   205
 0.132	   205
 0.143	   206
 0.154	   205
 0.165	   205
 0.176	   204
 0.187	   202
 0.198	   200
 0.209	   198
  0.22	   195
 0.231	   191
 0.242	   187
 0.253	   182
 0.264	   178
 0.275	   171
 0.286	   164
 0.297	   161
 0.308	   152
 0.319	   147
  0.33	   140
 0.341	   135
 0.352	   128
 0.363	   121
 0.374	   115
 0.385	   108
 0.396	   101
 0.407	    97
 0.418	    91
 0.429	    87
  0.44	    81
 0.451	    78
 0.462	    73
 0.473	    70
 0.484	    65
 0.495	    62
 0.506	    59
 0.517	    57
 0.528	    55
 0.539	    53
  0.55	    52
 0.561	    51
 0.572	    51
 0.583	    50
 0.594	    51
 0.605	    52
 0.616	    52
 0.627	    54
 0.638	    54
 0.649	    56
  0.66	    59
 0.671	    61
 0.682	    63
 0.693	    66
 0.704	    69
 0.715	    72
 0.726	    76
 0.737	    79
 0.748	    83
 0.759	    85
  0.77	    88
 0.781	    90
 0.792	    93
 0.803	    94
 0.814	    97
 0.825	    99
 0.836	   102
 0.847	   107
 0.858	   111
 0.869	   115
  0.88	   119
 0.891	   123
 0.902	   126
 0.913	   132
 0.924	   136
 0.935	   140
 0.946	   144
 0.957	   148
 0.968	   151
 0.979	   155
  0.99	   159
 1.001	   161
 1.012	   165
 1.023	   167
 1.034	   171
 1.045	   173
 1.056	   175
 1.067	   177
 1.078	   179
 1.089	   181
   1.1	   182
 1.111	   183
 1.122	   183
 1.133	   184
 1.144	   184
 1.155	   185
 1.166	   185
 1.177	   185
 1.188	   184
 1.199	   183
  1.21	   182
 1.221	   182
 1.232	   180
 1.243	   179
 1.254	   177
 1.265	   175
 1.276	   172
 1.287	   170
 1.298	   168
 1.309	   165
  1.32	   161
 1.331	   158
 1.342	   153
 1.353	   149
 1.364	   144
 1.375	   140
 1.386	   134
 1.397	   130
 1.408	   123
 1.419	   120
  1.43	   113
 1.441	   107
 1.452	   101
 1.463	    95
 1.474	    89
 1.485	    84
 1.496	    78
 1.507	    73
 1.518	    68
 1.529	    64
  1.54	    60
 1.551	    56
 1.562	    52
 1.573	    50
 1.584	    47
 1.595	    45
 1.606	    42
 1.617	    42
 1.628	    41
 1.639	    41
  1.65	    40
 1.661	    41
 1.672	    42
 1.683	    42
 1.694	    44
 1.705	    45
 1.716	    47
 1.727	    49
 1.738	    51
 1.749	    54
  1.76	    57
 1.771	    59
 1.782	    62
 1.793	    65
 1.804	    68
 1.815	    71
 1.826	    74
 1.837	    77
 1.848	    80
 1.859	    83
  1.87	    86
 1.881	    89
 1.892	    92
 1.903	    95
 1.914	    99
 1.925	   101
 1.936	   105
 1.947	   107
 1.958	   110
 1.969	   111
  1.98	   115
 1.991	   116
 2.002	   117
 2.013	   120
 2.024	   120
 2.035	   121
 2.046	   123
 2.057	   123
 2.068	   124
 2.079	   125
  2.09	   127
 2.101	   127
 2.112	   128
 2.123	   129
 2.134	   129
 2.145	   129
 2.156	   129
 2.167	   129
 2.178	   129
 2.189	   129
   2.2	   128
 2.211	   127
 2.222	   126
 2.233	   126
 2.244	   123
 2.255	   122
 2.266	   121
 2.277	   120
 2.288	   117
 2.299	   115
  2.31	   113
 2.321	   111
 2.332	   109
 2.343	   107
 2.354	   103
 2.365	   102
 2.376	    99
 2.387	    97
 2.398	    93
 2.409	    91
  2.42	    88
 2.431	    85
 2.442	    82
 2.453	    80
 2.464	    78
 2.475	    75
 2.486	    72
 2.497	    71
 2.508	    67
 2.519	    65
  2.53	    61
 2.541	    59
 2.552	    55
 2.563	    53
 2.574	    49
 2.585	    46
 2.596	    44
 2.607	    41
 2.618	    39
 2.629	    37
  2.64	    35
 2.651	    33
 2.662	    31
 2.673	    29
 2.684	    28
 2.695	    27
 2.706	    27
 2.717	    26
 2.728	    26
 2.739	    26
  2.75	    26
 2.761	    27
 2.772	    27
 2.783	    28
 2.794	    29
 2.805	    31
 2.816	    32
 2.827	    33
 2.838	    35
 2.849	    36
  2.86	    39
 2.871	    40
 2.882	    43
 2.893	    44
 2.904	    46
 2.915	    47
 2.926	    50
 2.937	    51
 2.948	    53
 2.959	    55
  2.97	    56
 2.981	    58
 2.992	    59
 3.003	    60
 3.014	    61
 3.025	    63
 3.036	    63
 3.047	    64
 3.058	    65
 3.069	    66
  3.08	    66
 3.091	    67
 3.102	    66
 3.113	    67
 3.124	    67
 3.135	    67
 3.146	    67
 3.157	    67
 3.168	    66
 3.179	    66
  3.19	    65
 3.201	    65
 3.212	    64
 3.223	    63
 3.234	    63
 3.245	    63
 3.256	    62
 3.267	    62
 3.278	    60
 3.289	    61
   3.3	    60
 3.311	    59
 3.322	    58
 3.333	    57
 3.344	    56
 3.355	    55
 3.366	    54
 3.377	    53
 3.388	    51
 3.399	    50
  3.41	    49
 3.421	    48
 3.432	    46
 3.443	    45
 3.454	    44
 3.465	    43
 3.476	    41
 3.487	    39
 3.498	    37
 3.509	    37
  3.52	    35
 3.531	    34
 3.542	    32
 3.553	    31
 3.564	    30
 3.575	    29
 3.586	    27
 3.597	    26
 3.608	    25
 3.619	    24
  3.63	    23
 3.641	    22
 3.652	    21
 3.663	    21
 3.674	    19
 3.685	    19
 3.696	    18
 3.707	    18
 3.718	    16
 3.729	    17
  3.74	    15
 3.751	    15
 3.762	    14
 3.773	    15
 3.784	    14
 3.795	    14
 3.806	    14
 3.817	    13
 3.828	    14
 3.839	    13
  3.85	    14
 3.861	    14
 3.872	    14
 3.883	    14
 3.894	    15
 3.905	    15
 3.916	    16
 3.927	    17
 3.938	    17
 3.949	    18
  3.96	    18
 3.971	    19
 3.982	    19
 3.993	    20
 4.004	    20
 4.015	    21
 4.026	    21
 4.037	    22
 4.048	    22
 4.059	    22
  4.07	    23
 4.081	    23
 4.092	    24
 4.103	    24
 4.114	    24
 4.125	    24
 4.136	    24
 4.147	    24
 4.158	    24
 4.169	    24
  4.18	    23
 4.191	    23
 4.202	    23
 4.213	    23
 4.224	    22
 4.235	    23
 4.246	    22
 4.257	    22
 4.268	    21
 4.279	    21
  4.29	    20
 4.301	    20
 4.312	    20
 4.323	    19
 4.334	    19
 4.345	    19
 4.356	    18
 4.367	    18
 4.378	    17
 4.389	    17
   4.4	    16
 4.411	    16
 4.422	    15
 4.433	    15
 4.444	    14
 4.455	    14
 4.466	    14
 4.477	    14
 4.488	    13
 4.499	    13
  4.51	    13
 4.521	    13
 4.532	    12
 4.543	    12
 4.554	    12
 4.565	    12
 4.576	    11
 4.587	    11
 4.598	    11
 4.609	    11
  4.62	    10
 4.631	    10
 4.642	     9
 4.653	    10
 4.664	     9
 4.675	     9
 4.686	     9
 4.697	     9
 4.708	     8
 4.719	     9
  4.73	     8
 4.741	     8
 4.752	     8
 4.763	     8
 4.774	     8
 4.785	     8
 4.796	     8
 4.807	     8
 4.818	     8
 4.829	     7
  4.84	     8
 4.851	     7
 4.862	     7
 4.873	     8
 4.884	     7
 4.895	     8
 4.906	     7
 4.917	     8
 4.928	     7
 4.939	     8
  4.95	     7
 4.961	     8
 4.972	     8
 4.983	     8
 4.994	     7
 5.005	     8
 5.016	     8
 5.027	     8
 5.038	     8
 5.049	     7
  5.06	     8
 5.071	     8
 5.082	     8
 5.093	     8
 5.104	     7
 5.115	     8
 5.126	     7
 5.137	     8
 5.148	     7
 5.159	     8
  5.17	     7
 5.181	     8
 5.192	     7
 5.203	     7
 5.214	     7
 5.225	     7
 5.236	     7
 5.247	     7
 5.258	     7
 5.269	     7
  5.28	     7
 5.291	     7
 5.302	     7
 5.313	     7
 5.324	     7
 5.335	     7
 5.346	     7
 5.357	     7
 5.368	     7
 5.379	     7
  5.39	     7
 5.401	     7
 5.412	     7
 5.423	     7
 5.434	     7
 5.445	     7
 5.456	     7
 5.467	     7
 5.478	     7
 5.489	     7
   5.5	     7
 5.511	     7
 5.522	     7
 5.533	     7
 5.544	     7
 5.555	     7
 5.566	     7
 5.577	     7
 5.588	     6
 5.599	     7
  5.61	     6
 5.621	     7
 5.632	     7
 5.643	     7
 5.654	     6
 5.665	     7
 5.676	     7
 5.687	     7
 5.698	     7
 5.709	     7
  5.72	     7
 5.731	     7
 5.742	     7
 5.753	     7
 5.764	     7
 5.775	     7
 5.786	     7
 5.797	     7
 5.808	     7
 5.819	     7
  5.83	     7
 5.841	     7
 5.852	     7
 5.863	     7
 5.874	     7
 5.885	     7
 5.896	     7
 5.907	     7
 5.918	     7
 5.929	     7
  5.94	     7
 5.951	     7
 5.962	     8
 5.973	     7
 5.984	     8
 5.995	     8
 6.006	     8
 6.017	     8
 6.028	     8
 6.039	     8
  6.05	     8
 6.061	     8
 6.072	     8
 6.083	     8
 6.094	     8
 6.105	     9
 6.116	     8
 6.127	     9
 6.138	     8
 6.149	     9
  6.16	     9
 6.171	     9
 6.182	     9
 6.193	     9
 6.204	     9
 6.215	     9
 6.226	     9
 6.237	     9
 6.248	     9
 6.259	     9
  6.27	     9
 6.281	    10
 6.292	    10
 6.303	    10
 6.314	    10
 6.325	    10
 6.336	    10
 6.347	    10
 6.358	    10
 6.369	    10
  6.38	    10
 6.391	    10
 6.402	    10
 6.413	    10
 6.424	    10
 6.435	    10
 6.446	    10
 6.457	    10
 6.468	    10
 6.479	     9
  6.49	    10
 6.501	    10
 6.512	     9
 6.523	     9
 6.534	     9
 6.545	     9
 6.556	     9
 6.567	     9
 6.578	     8
 6.589	     9
   6.6	     8
 6.611	     9
 6.622	     8
 6.633	     8
 6.644	     8
 6.655	     8
 6.666	     8
 6.677	     8
 6.688	     8
 6.699	     8
  6.71	     8
 6.721	     8
 6.732	     8
 6.743	     8
 6.754	     8
 6.765	     8
 6.776	     8
 6.787	     8
 6.798	     8
 6.809	     8
  6.82	     8
 6.831	     9
 6.842	     8
 6.853	     9
 6.864	     8
 6.875	     9
 6.886	     9
 6.897	     9
 6.908	     9
 6.919	     9
  6.93	     9
 6.941	     9
 6.952	     9
 6.963	     9
 6.974	    10
 6.985	    10
 6.996	    10
 7.007	    10
 7.018	    10
 7.029	    11
  7.04	    10
 7.051	    11
 7.062	    11
 7.073	    11
 7.084	    11
 7.095	    12
 7.106	    12
 7.117	    12
 7.128	    12
 7.139	    12
  7.15	    12
 7.161	    13
 7.172	    13
 7.183	    13
 7.194	    13
 7.205	    14
 7.216	    14
 7.227	    14
 7.238	    14
 7.249	    14
  7.26	    14
 7.271	    14
 7.282	    14
 7.293	    15
 7.304	    14
 7.315	    15
 7.326	    14
 7.337	    15
 7.348	    15
 7.359	    15
  7.37	    15
 7.381	    15
 7.392	    15
 7.403	    15
 7.414	    15
 7.425	    15
 7.436	    15
 7.447	    15
 7.458	    14
 7.469	    14
  7.48	    14
 7.491	    14
 7.502	    13
 7.513	    14
 7.524	    13
 7.535	    13
 7.546	    13
 7.557	    13
 7.568	    12
 7.579	    12
  7.59	    12
 7.601	    12
 7.612	    11
 7.623	    11
 7.634	    11
 7.645	    11
 7.656	    10
 7.667	    10
 7.678	    10
 7.689	    10
   7.7	     9
 7.711	     9
 7.722	     9
 7.733	     9
 7.744	     9
 7.755	     9
 7.766	     8
 7.777	     9
 7.788	     8
 7.799	     9
  7.81	     8
 7.821	     9
 7.832	     8
 7.843	     8
 7.854	     8
 7.865	     8
 7.876	     9
 7.887	     9
 7.898	     9
 7.909	     9
  7.92	     9
 7.931	     9
 7.942	     9
 7.953	    10
 7.964	    10
 7.975	    10
 7.986	    10
 7.997	    11
 8.008	    10
 8.019	    11
  8.03	    11
 8.041	    11
 8.052	    11
 8.063	    11
 8.074	    11
 8.085	    12
 8.096	    12
 8.107	    12
 8.118	    12
 8.129	    12
  8.14	    13
 8.151	    13
 8.162	    13
 8.173	    13
 8.184	    13
 8.195	    13
 8.206	    13
 8.217	    14
 8.228	    13
 8.239	    14
  8.25	    13
 8.261	    14
 8.272	    14
 8.283	    14
 8.294	    14
 8.305	    14
 8.316	    14
 8.327	    14
 8.338	    14
 8.349	    14
  8.36	    14
 8.371	    14
 8.382	    14
 8.393	    14
 8.404	    14
 8.415	    14
 8.426	    14
 8.437	    14
 8.448	    14
 8.459	    14
  8.47	    13
 8.481	    14
 8.492	    13
 8.503	    13
 8.514	    13
 8.525	    13
 8.536	    13
 8.547	    13
 8.558	    13
 8.569	    12
  8.58	    12
 8.591	    12
 8.602	    12
 8.613	    12
 8.624	    12
 8.635	    12
 8.646	    11
 8.657	    11
 8.668	    11
 8.679	    11
  8.69	    10
 8.701	    11
 8.712	    10
 8.723	    10
 8.734	    10
 8.745	    10
 8.756	     9
 8.767	     9
 8.778	     9
 8.789	     9
   8.8	     9
 8.811	     8
 8.822	     8
 8.833	     8
 8.844	     8
 8.855	     8
 8.866	     8
 8.877	     8
 8.888	     8
 8.899	     8
  8.91	     7
 8.921	     8
 8.932	     7
 8.943	     8
 8.954	     7
 8.965	     8
 8.976	     8
 8.987	     8
 8.998	     8
 9.009	     8
  9.02	     8
 9.031	     8
 9.042	     8
 9.053	     8
 9.064	     9
 9.075	     8
 9.086	     9
 9.097	     9
 9.108	     9
 9.119	     9
  9.13	     9
 9.141	     9
 9.152	     9
 9.163	     9
 9.174	     9
 9.185	    10
 9.196	     9
 9.207	    10
 9.218	     9
 9.229	    10
  9.24	    10
 9.251	    10
 9.262	    10
 9.273	    10
 9.284	    10
 9.295	    10
 9.306	    10
 9.317	    10
 9.328	    10
 9.339	    10
  9.35	    10
 9.361	    10
 9.372	    10
 9.383	    10
 9.394	    10
 9.405	    10
 9.416	    10
 9.427	    10
 9.438	     9
 9.449	    10
  9.46	    10
 9.471	    10
 9.482	     9
 9.493	    10
 9.504	     9
 9.515	     9
 9.526	     9
 9.537	     9
 9.548	     9
 9.559	     9
  9.57	     9
 9.581	     9
 9.592	     9
 9.603	     9
 9.614	     9
 9.625	     9
 9.636	     8
 9.647	     9
 9.658	     8
 9.669	     9
  9.68	     8
 9.691	     9
 9.702	     8
 9.713	     8
 9.724	     8
 9.735	     8
 9.746	     8
 9.757	     8
 9.768	     8
 9.779	     8
  9.79	     8
 9.801	     7
 9.812	     8
 9.823	     7
 9.834	     7
 9.845	     7
 9.856	     7
 9.867	     7
 9.878	     7
 9.889	     7
   9.9	     7
 9.911	     7
 9.922	     7
 9.933	     7
 9.944	     7
 9.955	     7
 9.966	     7
 9.977	     7
 9.988	     7
 9.999	     7
 10.01	     7
10.021	     7
10.032	     7
10.043	     7
10.054	     7
10.065	     7
10.076	     7
10.087	     7
10.098	     7
10.109	     7
 10.12	     7
10.131	     7
10.142	     6
10.153	     7
10.164	     7
10.175	     7
10.186	     7
10.197	     7
10.208	     7
10.219	     7
 10.23	     7
10.241	     7
10.252	     7
10.263	     7
10.274	     7
10.285	     7
10.296	     7
10.307	     7
10.318	     7
10.329	     7
 10.34	     7
10.351	     7
10.362	     6
10.373	     7
10.384	     7
10.395	     7
10.406	     7
10.417	     7
10.428	     7
10.439	     7
 10.45	     7
10.461	     7
10.472	     7
10.483	     7
10.494	     7
10.505	     7
10.516	     7
10.527	     7
10.538	     7
10.549	     7
 10.56	     7
10.571	     7
10.582	     6
10.593	     7
10.604	     6
10.615	     7
10.626	     6
10.637	     7
10.648	     7
10.659	     7
 10.67	     6
10.681	     7
10.692	     7
10.703	     7
10.714	     7
10.725	     7
10.736	     7
10.747	     6
10.758	     7
10.769	     7
 10.78	     7
10.791	     7
10.802	     6
10.813	     7
10.824	     6
10.835	     7
10.846	     6
10.857	     7
10.868	     6
10.879	     7
 10.89	     6
10.901	     7
10.912	     7
10.923	     7
10.934	     6
10.945	     7
10.956	     7
10.967	     7
10.978	     7
10.989	     7
    11	     7
11.011	     7
11.022	     6
11.033	     7
11.044	     6
11.055	     7
11.066	     6
11.077	     7
11.088	     6
11.099	     7
 11.11	     6
11.121	     7
11.132	     7
11.143	     7
11.154	     7
11.165	     7
11.176	     7
11.187	     7
11.198	     7
11.209	     7
 11.22	     7
11.231	     7
11.242	     7
11.253	     7
11.264	     7
11.275	     7
11.286	     7
11.297	     7
11.308	     7
11.319	     7
 11.33	     6
11.341	     7
11.352	     7
11.363	     7
11.374	     7
11.385	     7
11.396	     7
11.407	     7
11.418	     7
11.429	     7
 11.44	     7
11.451	     7
11.462	     7
11.473	     7
11.484	     7
11.495	     7
11.506	     7
11.517	     7
11.528	     7
11.539	     7
 11.55	     7
11.561	     7
11.572	     7
11.583	     7
11.594	     7
11.605	     7
11.616	     7
11.627	     7
11.638	     7
11.649	     7
 11.66	     7
11.671	     7
11.682	     7
11.693	     7
11.704	     7
11.715	     7
11.726	     7
11.737	     7
11.748	     7
11.759	     7
 11.77	     7
11.781	     7
11.792	     7
11.803	     7
11.814	     6
11.825	     7
11.836	     7
11.847	     7
11.858	     7
11.869	     7
 11.88	     7
11.891	     7
11.902	     7
11.913	     7
11.924	     7
11.935	     7
11.946	     7
11.957	     7
11.968	     7
11.979	     7
 11.99	     6
