-12.001	     7
-11.99	     7
-11.979	     7
-11.968	     7
-11.957	     7
-11.946	     7
-11.935	     7
-11.924	     7
-11.913	     6
-11.902	     7
-11.891	     7
-11.88	     7
-11.869	     7
-11.858	     7
-11.847	     7
-11.836	     7
-11.825	     7
-11.814	     7
-11.803	     7
-11.792	     7
-11.781	     7
-11.77	     7
-11.759	     7
-11.748	     7
-11.737	     7
-11.726	     7
-11.715	     7
-11.704	     7
-11.693	     6
-11.682	     7
-11.671	     7
-11.66	     7
-11.649	     7
-11.638	     7
-11.627	     7
-11.616	     7
-11.605	     7
-11.594	     7
-11.583	     7
-11.572	     7
-11.561	     7
-11.55	     7
-11.539	     7
-11.528	     7
-11.517	     7
-11.506	     7
-11.495	     7
-11.484	     7
-11.473	     7
-11.462	     7
-11.451	     7
-11.44	     7
-11.429	     7
-11.418	     7
-11.407	     7
-11.396	     7
-11.385	     7
-11.374	     7
-11.363	     7
-11.352	     7
-11.341	     7
-11.33	     7
-11.319	     7
-11.308	     7
-11.297	     7
-11.286	     7
-11.275	     7
-11.264	     7
-11.253	     7
-11.242	     7
-11.231	     7
-11.22	     7
-11.209	     7
-11.198	     7
-11.187	     7
-11.176	     7
-11.165	     7
-11.154	     7
-11.143	     7
-11.132	     7
-11.121	     7
-11.11	     7
-11.099	     7
-11.088	     7
-11.077	     8
-11.066	     7
-11.055	     8
-11.044	     7
-11.033	     7
-11.022	     8
-11.011	     7
   -11	     8
-10.989	     7
-10.978	     8
-10.967	     8
-10.956	     8
-10.945	     8
-10.934	     8
-10.923	     8
-10.912	     8
-10.901	     8
-10.89	     8
-10.879	     8
-10.868	     8
-10.857	     8
-10.846	     8
-10.835	     8
-10.824	     8
-10.813	     8
-10.802	     8
-10.791	     8
-10.78	     8
-10.769	     7
-10.758	     8
-10.747	     7
-10.736	     8
-10.725	     7
-10.714	     8
-10.703	     7
-10.692	     8
-10.681	     7
-10.67	     8
-10.659	     8
-10.648	     8
-10.637	     8
-10.626	     8
-10.615	     8
-10.604	     8
-10.593	     8
-10.582	     8
-10.571	     8
-10.56	     9
-10.549	     8
-10.538	     9
-10.527	     8
-10.516	     9
-10.505	     8
-10.494	     9
-10.483	     8
-10.472	     9
-10.461	     8
-10.45	     9
-10.439	     9
-10.428	     9
-10.417	     8
-10.406	     9
-10.395	     9
-10.384	     8
-10.373	     8
-10.362	     8
-10.351	     9
-10.34	     8
-10.329	     8
-10.318	     8
-10.307	     8
-10.296	     8
-10.285	     8
-10.274	     8
-10.263	     8
-10.252	     8
-10.241	     8
-10.23	     8
-10.219	     8
-10.208	     8
-10.197	     8
-10.186	     8
-10.175	     8
-10.164	     8
-10.153	     8
-10.142	     8
-10.131	     8
-10.12	     8
-10.109	     8
-10.098	     8
-10.087	     8
-10.076	     8
-10.065	     8
-10.054	     8
-10.043	     8
-10.032	     8
-10.021	     8
-10.01	     8
-9.999	     8
-9.988	     8
-9.977	     8
-9.966	     8
-9.955	     8
-9.944	     8
-9.933	     8
-9.922	     8
-9.911	     9
  -9.9	     8
-9.889	     8
-9.878	     8
-9.867	     9
-9.856	     8
-9.845	     8
-9.834	     9
-9.823	     8
-9.812	     9
-9.801	     8
 -9.79	     8
-9.779	     8
-9.768	     8
-9.757	     8
-9.746	     8
-9.735	     8
-9.724	     8
-9.713	     8
-9.702	     8
-9.691	     8
 -9.68	     8
-9.669	     8
-9.658	     8
-9.647	     8
-9.636	     7
-9.625	     7
-9.614	     7
-9.603	     7
-9.592	     8
-9.581	     7
 -9.57	     7
-9.559	     7
-9.548	     8
-9.537	     7
-9.526	     7
-9.515	     7
-9.504	     8
-9.493	     7
-9.482	     7
-9.471	     7
 -9.46	     7
-9.449	     7
-9.438	     7
-9.427	     8
-9.416	     7
-9.405	     7
-9.394	     7
-9.383	     7
-9.372	     7
-9.361	     7
 -9.35	     7
-9.339	     7
-9.328	     8
-9.317	     7
-9.306	     7
-9.295	     7
-9.284	     7
-9.273	     7
-9.262	     7
-9.251	     7
 -9.24	     7
-9.229	     7
-9.218	     7
-9.207	     7
-9.196	     7
-9.185	     7
-9.174	     7
-9.163	     7
-9.152	     7
-9.141	     7
 -9.13	     7
-9.119	     7
-9.108	     7
-9.097	     7
-9.086	     7
-9.075	     7
-9.064	     7
-9.053	     6
-9.042	     7
-9.031	     7
 -9.02	     7
-9.009	     7
-8.998	     7
-8.987	     7
-8.976	     7
-8.965	     7
-8.954	     7
-8.943	     7
-8.932	     7
-8.921	     7
 -8.91	     7
-8.899	     7
-8.888	     7
-8.877	     7
-8.866	     7
-8.855	     7
-8.844	     7
-8.833	     7
-8.822	     7
-8.811	     7
  -8.8	     7
-8.789	     7
-8.778	     7
-8.767	     7
-8.756	     7
-8.745	     7
-8.734	     7
-8.723	     7
-8.712	     7
-8.701	     7
 -8.69	     7
-8.679	     7
-8.668	     7
-8.657	     7
-8.646	     7
-8.635	     7
-8.624	     7
-8.613	     7
-8.602	     7
-8.591	     7
 -8.58	     7
-8.569	     7
-8.558	     7
-8.547	     7
-8.536	     7
-8.525	     7
-8.514	     7
-8.503	     7
-8.492	     7
-8.481	     7
 -8.47	     7
-8.459	     7
-8.448	     7
-8.437	     7
-8.426	     7
-8.415	     7
-8.404	     7
-8.393	     7
-8.382	     8
-8.371	     7
 -8.36	     8
-8.349	     7
-8.338	     8
-8.327	     7
-8.316	     8
-8.305	     8
-8.294	     7
-8.283	     7
-8.272	     7
-8.261	     8
 -8.25	     8
-8.239	     8
-8.228	     7
-8.217	     8
-8.206	     8
-8.195	     8
-8.184	     8
-8.173	     7
-8.162	     8
-8.151	     7
 -8.14	     8
-8.129	     7
-8.118	     8
-8.107	     8
-8.096	     8
-8.085	     8
-8.074	     8
-8.063	     8
-8.052	     8
-8.041	     8
 -8.03	     8
-8.019	     9
-8.008	     9
-7.997	     9
-7.986	     9
-7.975	     9
-7.964	     9
-7.953	     9
-7.942	     9
-7.931	     9
 -7.92	    10
-7.909	     9
-7.898	    10
-7.887	    10
-7.876	    10
-7.865	     9
-7.854	    10
-7.843	     9
-7.832	    10
-7.821	    10
 -7.81	    10
-7.799	    10
-7.788	    10
-7.777	    10
-7.766	    10
-7.755	    10
-7.744	     9
-7.733	     9
-7.722	     9
-7.711	     9
  -7.7	     9
-7.689	     9
-7.678	    10
-7.667	     9
-7.656	    10
-7.645	     9
-7.634	    10
-7.623	     9
-7.612	     9
-7.601	     9
 -7.59	     9
-7.579	     9
-7.568	     9
-7.557	     9
-7.546	     9
-7.535	     9
-7.524	     9
-7.513	     9
-7.502	     9
-7.491	    10
 -7.48	    10
-7.469	     9
-7.458	    10
-7.447	    10
-7.436	    10
-7.425	    10
-7.414	    10
-7.403	    10
-7.392	    11
-7.381	    10
 -7.37	    11
-7.359	    11
-7.348	    11
-7.337	    11
-7.326	    11
-7.315	    11
-7.304	    11
-7.293	    11
-7.282	    11
-7.271	    11
 -7.26	    11
-7.249	    11
-7.238	    11
-7.227	    11
-7.216	    11
-7.205	    11
-7.194	    12
-7.183	    11
-7.172	    11
-7.161	    11
 -7.15	    11
-7.139	    11
-7.128	    11
-7.117	    10
-7.106	    10
-7.095	    10
-7.084	    10
-7.073	    10
-7.062	    10
-7.051	    10
 -7.04	    10
-7.029	    10
-7.018	    10
-7.007	    10
-6.996	    10
-6.985	    10
-6.974	    10
-6.963	    10
-6.952	    11
-6.941	    10
 -6.93	    11
-6.919	    10
-6.908	    11
-6.897	    11
-6.886	    11
-6.875	    11
-6.864	    11
-6.853	    11
-6.842	    11
-6.831	    11
 -6.82	    11
-6.809	    11
-6.798	    11
-6.787	    11
-6.776	    11
-6.765	    11
-6.754	    11
-6.743	    11
-6.732	    11
-6.721	    10
 -6.71	    11
-6.699	    10
-6.688	    11
-6.677	    10
-6.666	    10
-6.655	    10
-6.644	    10
-6.633	     9
-6.622	     9
-6.611	     9
  -6.6	     9
-6.589	     9
-6.578	     9
-6.567	     9
-6.556	     9
-6.545	     9
-6.534	     9
-6.523	     9
-6.512	     8
-6.501	     8
 -6.49	     9
-6.479	     8
-6.468	     9
-6.457	     8
-6.446	     9
-6.435	     8
-6.424	     9
-6.413	     8
-6.402	     9
-6.391	     8
 -6.38	     8
-6.369	     8
-6.358	     8
-6.347	     9
-6.336	     8
-6.325	     8
-6.314	     9
-6.303	     9
-6.292	     9
-6.281	     8
 -6.27	     9
-6.259	     8
-6.248	     9
-6.237	     8
-6.226	     9
-6.215	     8
-6.204	     9
-6.193	     8
-6.182	     9
-6.171	     8
 -6.16	     8
-6.149	     8
-6.138	     8
-6.127	     8
-6.116	     8
-6.105	     8
-6.094	     8
-6.083	     8
-6.072	     8
-6.061	     8
 -6.05	     8
-6.039	     8
-6.028	     8
-6.017	     7
-6.006	     8
-5.995	     7
-5.984	     8
-5.973	     7
-5.962	     8
-5.951	     7
 -5.94	     7
-5.929	     7
-5.918	     7
-5.907	     7
-5.896	     7
-5.885	     7
-5.874	     7
-5.863	     7
-5.852	     7
-5.841	     7
 -5.83	     7
-5.819	     7
-5.808	     7
-5.797	     7
-5.786	     7
-5.775	     7
-5.764	     7
-5.753	     7
-5.742	     7
-5.731	     7
 -5.72	     7
-5.709	     7
-5.698	     7
-5.687	     7
-5.676	     7
-5.665	     7
-5.654	     7
-5.643	     7
-5.632	     7
-5.621	     7
 -5.61	     7
-5.599	     7
-5.588	     7
-5.577	     7
-5.566	     7
-5.555	     7
-5.544	     8
-5.533	     7
-5.522	     8
-5.511	     8
  -5.5	     8
-5.489	     8
-5.478	     8
-5.467	     8
-5.456	     8
-5.445	     8
-5.434	     8
-5.423	     9
-5.412	     9
-5.401	     9
 -5.39	     9
-5.379	     9
-5.368	     9
-5.357	     9
-5.346	     9
-5.335	     9
-5.324	     9
-5.313	     9
-5.302	     9
-5.291	     9
 -5.28	    10
-5.269	     9
-5.258	    10
-5.247	     9
-5.236	    10
-5.225	     9
-5.214	     9
-5.203	     9
-5.192	     9
-5.181	     9
 -5.17	     9
-5.159	     9
-5.148	     9
-5.137	    10
-5.126	     9
-5.115	    10
-5.104	    10
-5.093	     9
-5.082	    10
-5.071	    10
 -5.06	    10
-5.049	     9
-5.038	    10
-5.027	    10
-5.016	    10
-5.005	    10
-4.994	    10
-4.983	    10
-4.972	    11
-4.961	    11
 -4.95	    11
-4.939	    11
-4.928	    11
-4.917	    12
-4.906	    12
-4.895	    12
-4.884	    12
-4.873	    12
-4.862	    13
-4.851	    13
 -4.84	    14
-4.829	    13
-4.818	    14
-4.807	    14
-4.796	    15
-4.785	    14
-4.774	    15
-4.763	    15
-4.752	    15
-4.741	    15
 -4.73	    16
-4.719	    16
-4.708	    16
-4.697	    16
-4.686	    16
-4.675	    16
-4.664	    16
-4.653	    16
-4.642	    16
-4.631	    16
 -4.62	    16
-4.609	    15
-4.598	    16
-4.587	    15
-4.576	    15
-4.565	    15
-4.554	    15
-4.543	    14
-4.532	    15
-4.521	    15
 -4.51	    15
-4.499	    15
-4.488	    15
-4.477	    15
-4.466	    15
-4.455	    16
-4.444	    16
-4.433	    16
-4.422	    16
-4.411	    17
  -4.4	    17
-4.389	    17
-4.378	    18
-4.367	    18
-4.356	    19
-4.345	    19
-4.334	    20
-4.323	    20
-4.312	    21
-4.301	    20
 -4.29	    21
-4.279	    21
-4.268	    22
-4.257	    21
-4.246	    22
-4.235	    22
-4.224	    22
-4.213	    22
-4.202	    21
-4.191	    22
 -4.18	    21
-4.169	    21
-4.158	    21
-4.147	    21
-4.136	    21
-4.125	    20
-4.114	    20
-4.103	    19
-4.092	    20
-4.081	    19
 -4.07	    19
-4.059	    18
-4.048	    19
-4.037	    18
-4.026	    18
-4.015	    18
-4.004	    17
-3.993	    17
-3.982	    17
-3.971	    17
 -3.96	    17
-3.949	    17
-3.938	    17
-3.927	    17
-3.916	    17
-3.905	    17
-3.894	    17
-3.883	    17
-3.872	    18
-3.861	    17
 -3.85	    18
-3.839	    18
-3.828	    19
-3.817	    19
-3.806	    19
-3.795	    19
-3.784	    20
-3.773	    20
-3.762	    20
-3.751	    20
 -3.74	    21
-3.729	    21
-3.718	    21
-3.707	    21
-3.696	    22
-3.685	    21
-3.674	    22
-3.663	    22
-3.652	    22
-3.641	    21
 -3.63	    22
-3.619	    21
-3.608	    21
-3.597	    21
-3.586	    21
-3.575	    20
-3.564	    20
-3.553	    19
-3.542	    19
-3.531	    19
 -3.52	    18
-3.509	    18
-3.498	    17
-3.487	    17
-3.476	    16
-3.465	    16
-3.454	    15
-3.443	    15
-3.432	    15
-3.421	    14
 -3.41	    14
-3.399	    14
-3.388	    14
-3.377	    13
-3.366	    14
-3.355	    13
-3.344	    14
-3.333	    13
-3.322	    13
-3.311	    13
  -3.3	    13
-3.289	    14
-3.278	    14
-3.267	    14
-3.256	    14
-3.245	    14
-3.234	    14
-3.223	    14
-3.212	    14
-3.201	    14
 -3.19	    14
-3.179	    14
-3.168	    14
-3.157	    13
-3.146	    14
-3.135	    13
-3.124	    14
-3.113	    13
-3.102	    13
-3.091	    13
 -3.08	    13
-3.069	    12
-3.058	    12
-3.047	    12
-3.036	    11
-3.025	    11
-3.014	    11
-3.003	    11
-2.992	    10
-2.981	    10
 -2.97	    10
-2.959	    10
-2.948	    10
-2.937	     9
-2.926	     9
-2.915	     9
-2.904	     9
-2.893	     8
-2.882	     9
-2.871	     8
 -2.86	     9
-2.849	     8
-2.838	     8
-2.827	     8
-2.816	     8
-2.805	     8
-2.794	     8
-2.783	     8
-2.772	     8
-2.761	     8
 -2.75	     8
-2.739	     8
-2.728	     8
-2.717	     8
-2.706	     8
-2.695	     8
-2.684	     8
-2.673	     8
-2.662	     8
-2.651	     8
 -2.64	     8
-2.629	     8
-2.618	     8
-2.607	     8
-2.596	     8
-2.585	     8
-2.574	     8
-2.563	     8
-2.552	     8
-2.541	     8
 -2.53	     8
-2.519	     8
-2.508	     8
-2.497	     8
-2.486	     9
-2.475	     9
-2.464	     9
-2.453	     9
-2.442	     9
-2.431	     9
 -2.42	    10
-2.409	     9
-2.398	    10
-2.387	    10
-2.376	    10
-2.365	    10
-2.354	    11
-2.343	    11
-2.332	    11
-2.321	    12
 -2.31	    12
-2.299	    13
-2.288	    13
-2.277	    14
-2.266	    14
-2.255	    15
-2.244	    15
-2.233	    16
-2.222	    17
-2.211	    17
  -2.2	    18
-2.189	    18
-2.178	    19
-2.167	    19
-2.156	    20
-2.145	    20
-2.134	    21
-2.123	    21
-2.112	    21
-2.101	    22
 -2.09	    22
-2.079	    22
-2.068	    22
-2.057	    22
-2.046	    23
-2.035	    23
-2.024	    23
-2.013	    23
-2.002	    23
-1.991	    24
 -1.98	    24
-1.969	    24
-1.958	    26
-1.947	    26
-1.936	    27
-1.925	    28
-1.914	    29
-1.903	    30
-1.892	    31
-1.881	    33
 -1.87	    35
-1.859	    38
-1.848	    39
-1.837	    42
-1.826	    44
-1.815	    47
-1.804	    48
-1.793	    51
-1.782	    53
-1.771	    55
 -1.76	    58
-1.749	    60
-1.738	    61
-1.727	    63
-1.716	    64
-1.705	    65
-1.694	    66
-1.683	    67
-1.672	    68
-1.661	    69
 -1.65	    69
-1.639	    69
-1.628	    69
-1.617	    70
-1.606	    70
-1.595	    70
-1.584	    69
-1.573	    70
-1.562	    69
-1.551	    69
 -1.54	    69
-1.529	    69
-1.518	    69
-1.507	    69
-1.496	    69
-1.485	    68
-1.474	    68
-1.463	    67
-1.452	    68
-1.441	    67
 -1.43	    67
-1.419	    67
-1.408	    67
-1.397	    67
-1.386	    68
-1.375	    69
-1.364	    69
-1.353	    70
-1.342	    71
-1.331	    73
 -1.32	    76
-1.309	    76
-1.298	    79
-1.287	    81
-1.276	    84
-1.265	    88
-1.254	    92
-1.243	    95
-1.232	    98
-1.221	   102
 -1.21	   105
-1.199	   109
-1.188	   111
-1.177	   115
-1.166	   120
-1.155	   125
-1.144	   127
-1.133	   130
-1.122	   133
-1.111	   135
  -1.1	   136
-1.089	   140
-1.078	   142
-1.067	   144
-1.056	   146
-1.045	   146
-1.034	   147
-1.023	   147
-1.012	   148
-1.001	   147
 -0.99	   147
-0.979	   145
-0.968	   145
-0.957	   144
-0.946	   142
-0.935	   139
-0.924	   138
-0.913	   135
-0.902	   132
-0.891	   132
 -0.88	   130
-0.869	   131
-0.858	   130
-0.847	   131
-0.836	   131
-0.825	   133
-0.814	   137
-0.803	   140
-0.792	   146
-0.781	   151
 -0.77	   154
-0.759	   162
-0.748	   169
-0.737	   175
-0.726	   184
-0.715	   193
-0.704	   199
-0.693	   205
-0.682	   212
-0.671	   216
 -0.66	   220
-0.649	   226
-0.638	   229
-0.627	   231
-0.616	   233
-0.605	   235
-0.594	   236
-0.583	   235
-0.572	   236
-0.561	   232
 -0.55	   231
-0.539	   227
-0.528	   224
-0.517	   223
-0.506	   221
-0.495	   217
-0.484	   212
-0.473	   209
-0.462	   204
-0.451	   201
 -0.44	   198
-0.429	   197
-0.418	   195
-0.407	   192
-0.396	   191
-0.385	   191
-0.374	   191
-0.363	   192
-0.352	   192
-0.341	   193
 -0.33	   195
-0.319	   195
-0.308	   199
-0.297	   201
-0.286	   205
-0.275	   204
-0.264	   210
-0.253	   214
-0.242	   217
-0.231	   223
 -0.22	   228
-0.209	   235
-0.198	   240
-0.187	   248
-0.176	   254
-0.165	   255
-0.154	   255
-0.143	   255
-0.132	   255
-0.121	   255
 -0.11	   255
-0.099	   255
-0.088	   255
-0.077	   255
-0.066	   255
-0.055	   255
-0.044	   255
-0.033	   255
-0.022	   255
-0.011	   255
     0	   255
 0.011	   255
 0.022	   255
 0.033	   255
 0.044	   255
 0.055	   255
 0.066	   255
 0.077	   255
 0.088	   255
 0.099	   255
  0.11	   255
 0.121	   255
 0.132	   255
 0.143	   253
 0.154	   248
 0.165	   242
 0.176	   238
 0.187	   235
 0.198	   232
 0.209	   230
  0.22	   227
 0.231	   226
 0.242	   229
 0.253	   230
 0.264	   232
 0.275	   236
 0.286	   239
 0.297	   247
 0.308	   250
 0.319	   255
  0.33	   255
 0.341	   255
 0.352	   255
 0.363	   255
 0.374	   255
 0.385	   255
 0.396	   255
 0.407	   255
 0.418	   255
 0.429	   255
  0.44	   255
 0.451	   255
 0.462	   255
 0.473	   255
 0.484	   255
 0.495	   255
 0.506	   255
 0.517	   255
 0.528	   255
 0.539	   255
  0.55	   255
 0.561	   255
 0.572	   255
 0.583	   255
 0.594	   255
 0.605	   249
 0.616	   244
 0.627	   239
 0.638	   233
 0.649	   233
  0.66	   227
 0.671	   228
 0.682	   225
 0.693	   227
 0.704	   229
 0.715	   232
 0.726	   234
 0.737	   238
 0.748	   241
 0.759	   246
  0.77	   249
 0.781	   255
 0.792	   255
 0.803	   255
 0.814	   255
 0.825	   255
 0.836	   255
 0.847	   255
 0.858	   255
 0.869	   255
  0.88	   255
 0.891	   255
 0.902	   255
 0.913	   255
 0.924	   255
 0.935	   255
 0.946	   255
 0.957	   255
 0.968	   255
 0.979	   255
  0.99	   255
 1.001	   255
 1.012	   255
 1.023	   255
 1.034	   255
 1.045	   255
 1.056	   255
 1.067	   255
 1.078	   255
 1.089	   255
   1.1	   255
 1.111	   255
 1.122	   255
 1.133	   248
 1.144	   245
 1.155	   238
 1.166	   232
 1.177	   227
 1.188	   220
 1.199	   217
  1.21	   213
 1.221	   206
 1.232	   203
 1.243	   199
 1.254	   195
 1.265	   194
 1.276	   190
 1.287	   190
 1.298	   189
 1.309	   188
  1.32	   188
 1.331	   190
 1.342	   191
 1.353	   190
 1.364	   191
 1.375	   195
 1.386	   199
 1.397	   201
 1.408	   204
 1.419	   208
  1.43	   211
 1.441	   216
 1.452	   219
 1.463	   222
 1.474	   224
 1.485	   227
 1.496	   230
 1.507	   232
 1.518	   231
 1.529	   230
  1.54	   230
 1.551	   229
 1.562	   224
 1.573	   220
 1.584	   216
 1.595	   207
 1.606	   201
 1.617	   192
 1.628	   186
 1.639	   179
  1.65	   171
 1.661	   164
 1.672	   159
 1.683	   153
 1.694	   150
 1.705	   146
 1.716	   140
 1.727	   137
 1.738	   133
 1.749	   129
  1.76	   128
 1.771	   127
 1.782	   127
 1.793	   127
 1.804	   126
 1.815	   127
 1.826	   130
 1.837	   131
 1.848	   134
 1.859	   135
  1.87	   136
 1.881	   136
 1.892	   139
 1.903	   139
 1.914	   143
 1.925	   143
 1.936	   142
 1.947	   141
 1.958	   143
 1.969	   141
  1.98	   141
 1.991	   140
 2.002	   138
 2.013	   135
 2.024	   135
 2.035	   132
 2.046	   129
 2.057	   126
 2.068	   124
 2.079	   120
  2.09	   115
 2.101	   114
 2.112	   111
 2.123	   108
 2.134	   107
 2.145	   104
 2.156	   102
 2.167	   100
 2.178	    96
 2.189	    95
   2.2	    91
 2.211	    89
 2.222	    86
 2.233	    85
 2.244	    82
 2.255	    80
 2.266	    77
 2.277	    75
 2.288	    74
 2.299	    71
  2.31	    70
 2.321	    68
 2.332	    67
 2.343	    66
 2.354	    66
 2.365	    65
 2.376	    64
 2.387	    64
 2.398	    64
 2.409	    64
  2.42	    63
 2.431	    64
 2.442	    64
 2.453	    64
 2.464	    65
 2.475	    65
 2.486	    66
 2.497	    66
 2.508	    66
 2.519	    65
  2.53	    66
 2.541	    64
 2.552	    65
 2.563	    64
 2.574	    65
 2.585	    62
 2.596	    63
 2.607	    63
 2.618	    62
 2.629	    61
  2.64	    59
 2.651	    58
 2.662	    56
 2.673	    54
 2.684	    52
 2.695	    51
 2.706	    48
 2.717	    47
 2.728	    45
 2.739	    43
  2.75	    41
 2.761	    38
 2.772	    36
 2.783	    34
 2.794	    33
 2.805	    31
 2.816	    30
 2.827	    28
 2.838	    27
 2.849	    26
  2.86	    25
 2.871	    24
 2.882	    23
 2.893	    23
 2.904	    22
 2.915	    22
 2.926	    22
 2.937	    22
 2.948	    21
 2.959	    21
  2.97	    21
 2.981	    21
 2.992	    20
 3.003	    20
 3.014	    21
 3.025	    20
 3.036	    20
 3.047	    19
 3.058	    19
 3.069	    18
  3.08	    18
 3.091	    18
 3.102	    17
 3.113	    17
 3.124	    16
 3.135	    16
 3.146	    15
 3.157	    15
 3.168	    15
 3.179	    14
  3.19	    14
 3.201	    13
 3.212	    13
 3.223	    12
 3.234	    12
 3.245	    12
 3.256	    12
 3.267	    11
 3.278	    11
 3.289	    11
   3.3	    11
 3.311	    10
 3.322	    10
 3.333	    10
 3.344	     9
 3.355	     9
 3.366	     9
 3.377	     9
 3.388	     9
 3.399	     9
  3.41	     9
 3.421	     9
 3.432	     9
 3.443	     9
 3.454	     9
 3.465	     8
 3.476	     9
 3.487	     8
 3.498	     9
 3.509	     8
  3.52	     9
 3.531	     8
 3.542	     8
 3.553	     8
 3.564	     8
 3.575	     8
 3.586	     8
 3.597	     8
 3.608	     8
 3.619	     8
  3.63	     8
 3.641	     8
 3.652	     8
 3.663	     8
 3.674	     8
 3.685	     8
 3.696	     9
 3.707	     8
 3.718	     9
 3.729	     8
  3.74	     9
 3.751	     8
 3.762	     9
 3.773	     8
 3.784	     9
 3.795	     9
 3.806	     9
 3.817	     9
 3.828	     9
 3.839	     9
  3.85	     9
 3.861	    10
 3.872	    10
 3.883	    10
 3.894	    10
 3.905	    11
 3.916	    11
 3.927	    11
 3.938	    11
 3.949	    12
  3.96	    12
 3.971	    12
 3.982	    13
 3.993	    12
 4.004	    13
 4.015	    13
 4.026	    13
 4.037	    13
 4.048	    14
 4.059	    14
  4.07	    14
 4.081	    14
 4.092	    14
 4.103	    14
 4.114	    14
 4.125	    14
 4.136	    14
 4.147	    14
 4.158	    14
 4.169	    14
  4.18	    14
 4.191	    14
 4.202	    14
 4.213	    14
 4.224	    15
 4.235	    14
 4.246	    15
 4.257	    14
 4.268	    15
 4.279	    15
  4.29	    15
 4.301	    15
 4.312	    15
 4.323	    16
 4.334	    16
 4.345	    17
 4.356	    17
 4.367	    17
 4.378	    17
 4.389	    18
   4.4	    18
 4.411	    18
 4.422	    19
 4.433	    19
 4.444	    20
 4.455	    20
 4.466	    21
 4.477	    20
 4.488	    21
 4.499	    21
  4.51	    21
 4.521	    21
 4.532	    21
 4.543	    21
 4.554	    21
 4.565	    21
 4.576	    22
 4.587	    22
 4.598	    22
 4.609	    21
  4.62	    22
 4.631	    21
 4.642	    21
 4.653	    21
 4.664	    21
 4.675	    20
 4.686	    21
 4.697	    20
 4.708	    21
 4.719	    19
  4.73	    20
 4.741	    19
 4.752	    19
 4.763	    19
 4.774	    19
 4.785	    18
 4.796	    18
 4.807	    18
 4.818	    18
 4.829	    18
  4.84	    18
 4.851	    17
 4.862	    18
 4.873	    17
 4.884	    18
 4.895	    17
 4.906	    18
 4.917	    17
 4.928	    18
 4.939	    18
  4.95	    18
 4.961	    19
 4.972	    19
 4.983	    19
 4.994	    19
 5.005	    19
 5.016	    20
 5.027	    20
 5.038	    20
 5.049	    21
  5.06	    21
 5.071	    21
 5.082	    21
 5.093	    21
 5.104	    21
 5.115	    21
 5.126	    21
 5.137	    21
 5.148	    21
 5.159	    21
  5.17	    21
 5.181	    20
 5.192	    20
 5.203	    20
 5.214	    19
 5.225	    19
 5.236	    18
 5.247	    18
 5.258	    17
 5.269	    17
  5.28	    17
 5.291	    16
 5.302	    16
 5.313	    16
 5.324	    15
 5.335	    15
 5.346	    15
 5.357	    15
 5.368	    15
 5.379	    14
  5.39	    15
 5.401	    14
 5.412	    15
 5.423	    15
 5.434	    15
 5.445	    15
 5.456	    15
 5.467	    15
 5.478	    15
 5.489	    15
   5.5	    15
 5.511	    15
 5.522	    15
 5.533	    16
 5.544	    15
 5.555	    16
 5.566	    15
 5.577	    15
 5.588	    15
 5.599	    15
  5.61	    15
 5.621	    14
 5.632	    15
 5.643	    14
 5.654	    14
 5.665	    14
 5.676	    14
 5.687	    13
 5.698	    13
 5.709	    13
  5.72	    13
 5.731	    12
 5.742	    12
 5.753	    12
 5.764	    12
 5.775	    12
 5.786	    11
 5.797	    11
 5.808	    11
 5.819	    11
  5.83	    11
 5.841	    10
 5.852	    11
 5.863	    10
 5.874	    10
 5.885	    10
 5.896	    10
 5.907	    10
 5.918	    10
 5.929	    10
  5.94	    10
 5.951	     9
 5.962	     9
 5.973	     9
 5.984	     9
 5.995	     9
 6.006	     9
 6.017	     9
 6.028	     9
 6.039	     9
  6.05	     9
 6.061	     9
 6.072	     9
 6.083	     9
 6.094	     9
 6.105	     9
 6.116	     9
 6.127	     9
 6.138	     9
 6.149	     9
  6.16	     9
 6.171	     9
 6.182	     9
 6.193	     9
 6.204	     9
 6.215	     9
 6.226	     9
 6.237	     9
 6.248	     9
 6.259	     9
  6.27	     9
 6.281	     8
 6.292	     8
 6.303	     8
 6.314	     8
 6.325	     8
 6.336	     8
 6.347	     8
 6.358	     8
 6.369	     8
  6.38	     8
 6.391	     7
 6.402	     8
 6.413	     7
 6.424	     7
 6.435	     7
 6.446	     7
 6.457	     7
 6.468	     7
 6.479	     7
  6.49	     7
 6.501	     7
 6.512	     7
 6.523	     7
 6.534	     7
 6.545	     7
 6.556	     7
 6.567	     7
 6.578	     7
 6.589	     7
   6.6	     7
 6.611	     7
 6.622	     7
 6.633	     7
 6.644	     7
 6.655	     7
 6.666	     7
 6.677	     7
 6.688	     7
 6.699	     7
  6.71	     7
 6.721	     7
 6.732	     7
 6.743	     7
 6.754	     7
 6.765	     7
 6.776	     7
 6.787	     7
 6.798	     7
 6.809	     7
  6.82	     7
 6.831	     7
 6.842	     8
 6.853	     7
 6.864	     8
 6.875	     7
 6.886	     8
 6.897	     8
 6.908	     8
 6.919	     8
  6.93	     7
 6.941	     8
 6.952	     8
 6.963	     8
 6.974	     8
 6.985	     8
 6.996	     8
 7.007	     8
 7.018	     8
 7.029	     8
  7.04	     9
 7.051	     8
 7.062	     9
 7.073	     8
 7.084	     9
 7.095	     8
 7.106	     9
 7.117	     9
 7.128	     9
 7.139	     9
  7.15	     9
 7.161	     9
 7.172	     9
 7.183	     9
 7.194	     9
 7.205	     9
 7.216	     9
 7.227	     9
 7.238	     9
 7.249	     9
  7.26	     9
 7.271	     8
 7.282	     9
 7.293	     8
 7.304	     9
 7.315	     8
 7.326	     9
 7.337	     9
 7.348	     9
 7.359	     9
  7.37	     9
 7.381	     9
 7.392	     9
 7.403	     9
 7.414	     9
 7.425	     9
 7.436	     9
 7.447	     9
 7.458	     9
 7.469	     9
  7.48	     9
 7.491	     9
 7.502	     9
 7.513	     9
 7.524	    10
 7.535	     9
 7.546	    10
 7.557	    10
 7.568	    10
 7.579	    10
  7.59	    10
 7.601	    10
 7.612	    10
 7.623	    10
 7.634	    10
 7.645	    11
 7.656	    11
 7.667	    11
 7.678	    11
 7.689	    11
   7.7	    11
 7.711	    11
 7.722	    11
 7.733	    11
 7.744	    11
 7.755	    10
 7.766	    11
 7.777	    10
 7.788	    11
 7.799	    10
  7.81	    10
 7.821	    10
 7.832	    10
 7.843	    10
 7.854	    10
 7.865	    10
 7.876	    10
 7.887	    10
 7.898	    10
 7.909	    10
  7.92	    10
 7.931	    10
 7.942	    10
 7.953	    10
 7.964	    10
 7.975	    10
 7.986	    10
 7.997	    10
 8.008	    11
 8.019	    10
  8.03	    11
 8.041	    11
 8.052	    11
 8.063	    11
 8.074	    11
 8.085	    11
 8.096	    11
 8.107	    11
 8.118	    11
 8.129	    11
  8.14	    11
 8.151	    11
 8.162	    11
 8.173	    11
 8.184	    11
 8.195	    11
 8.206	    11
 8.217	    11
 8.228	    11
 8.239	    11
  8.25	    11
 8.261	    11
 8.272	    11
 8.283	    11
 8.294	    11
 8.305	    11
 8.316	    11
 8.327	    11
 8.338	    10
 8.349	    10
  8.36	    10
 8.371	    10
 8.382	    10
 8.393	    10
 8.404	    10
 8.415	     9
 8.426	    10
 8.437	     9
 8.448	    10
 8.459	     9
  8.47	    10
 8.481	     9
 8.492	     9
 8.503	     9
 8.514	     9
 8.525	     9
 8.536	     9
 8.547	     9
 8.558	     9
 8.569	     9
  8.58	     9
 8.591	     9
 8.602	     9
 8.613	     9
 8.624	     9
 8.635	     9
 8.646	     9
 8.657	     9
 8.668	     9
 8.679	     9
  8.69	     9
 8.701	     9
 8.712	    10
 8.723	     9
 8.734	    10
 8.745	     9
 8.756	     9
 8.767	     9
 8.778	     9
 8.789	     9
   8.8	     9
 8.811	     9
 8.822	     9
 8.833	     9
 8.844	     9
 8.855	     9
 8.866	     9
 8.877	     9
 8.888	     9
 8.899	     9
  8.91	     9
 8.921	     8
 8.932	     9
 8.943	     8
 8.954	     8
 8.965	     8
 8.976	     8
 8.987	     8
 8.998	     8
 9.009	     8
  9.02	     8
 9.031	     8
 9.042	     8
 9.053	     8
 9.064	     8
 9.075	     7
 9.086	     7
 9.097	     8
 9.108	     7
 9.119	     7
  9.13	     7
 9.141	     7
 9.152	     8
 9.163	     7
 9.174	     8
 9.185	     7
 9.196	     8
 9.207	     7
 9.218	     8
 9.229	     7
  9.24	     7
 9.251	     7
 9.262	     7
 9.273	     7
 9.284	     7
 9.295	     7
 9.306	     7
 9.317	     7
 9.328	     7
 9.339	     7
  9.35	     7
 9.361	     7
 9.372	     7
 9.383	     7
 9.394	     7
 9.405	     7
 9.416	     7
 9.427	     7
 9.438	     7
 9.449	     7
  9.46	     7
 9.471	     7
 9.482	     7
 9.493	     7
 9.504	     7
 9.515	     7
 9.526	     7
 9.537	     7
 9.548	     7
 9.559	     7
  9.57	     7
 9.581	     7
 9.592	     7
 9.603	     7
 9.614	     7
 9.625	     7
 9.636	     7
 9.647	     7
 9.658	     7
 9.669	     7
  9.68	     7
 9.691	     7
 9.702	     7
 9.713	     7
 9.724	     7
 9.735	     7
 9.746	     7
 9.757	     7
 9.768	     7
 9.779	     7
  9.79	     7
 9.801	     7
 9.812	     7
 9.823	     7
 9.834	     7
 9.845	     7
 9.856	     7
 9.867	     6
 9.878	     7
 9.889	     7
   9.9	     7
 9.911	     6
 9.922	     7
 9.933	     7
 9.944	     7
 9.955	     7
 9.966	     7
 9.977	     7
 9.988	     7
 9.999	     7
 10.01	     7
10.021	     7
10.032	     7
10.043	     7
10.054	     7
10.065	     7
10.076	     7
10.087	     7
10.098	     7
10.109	     7
 10.12	     7
10.131	     7
10.142	     7
10.153	     7
10.164	     8
10.175	     7
10.186	     7
10.197	     7
10.208	     7
10.219	     7
 10.23	     7
10.241	     7
10.252	     7
10.263	     7
10.274	     7
10.285	     8
10.296	     7
10.307	     7
10.318	     8
10.329	     7
 10.34	     8
10.351	     7
10.362	     8
10.373	     7
10.384	     8
10.395	     7
10.406	     8
10.417	     7
10.428	     7
10.439	     7
 10.45	     7
10.461	     8
10.472	     7
10.483	     8
10.494	     7
10.505	     8
10.516	     8
10.527	     8
10.538	     8
10.549	     8
 10.56	     8
10.571	     8
10.582	     8
10.593	     8
10.604	     8
10.615	     8
10.626	     8
10.637	     8
10.648	     8
10.659	     8
 10.67	     8
10.681	     8
10.692	     8
10.703	     8
10.714	     8
10.725	     9
10.736	     8
10.747	     8
10.758	     8
10.769	     8
 10.78	     9
10.791	     8
10.802	     9
10.813	     8
10.824	     9
10.835	     8
10.846	     9
10.857	     8
10.868	     9
10.879	     8
 10.89	     8
10.901	     8
10.912	     8
10.923	     8
10.934	     8
10.945	     8
10.956	     8
10.967	     8
10.978	     8
10.989	     8
    11	     8
11.011	     8
11.022	     8
11.033	     8
11.044	     8
11.055	     8
11.066	     8
11.077	     8
11.088	     8
11.099	     8
 11.11	     8
11.121	     8
11.132	     8
11.143	     8
11.154	     8
11.165	     8
11.176	     8
11.187	     8
11.198	     8
11.209	     8
 11.22	     8
11.231	     8
11.242	     8
11.253	     8
11.264	     9
11.275	     8
11.286	     9
11.297	     8
11.308	     9
11.319	     8
 11.33	     9
11.341	     8
11.352	     9
11.363	     8
11.374	     9
11.385	     8
11.396	     8
11.407	     8
11.418	     8
11.429	     8
 11.44	     8
11.451	     8
11.462	     8
11.473	     8
11.484	     8
11.495	     8
11.506	     8
11.517	     8
11.528	     8
11.539	     7
 11.55	     8
11.561	     7
11.572	     8
11.583	     7
11.594	     8
11.605	     8
11.616	     8
11.627	     8
11.638	     8
11.649	     8
 11.66	     8
11.671	     8
11.682	     8
11.693	     8
11.704	     8
11.715	     8
11.726	     8
11.737	     8
11.748	     8
11.759	     7
 11.77	     8
11.781	     8
11.792	     8
11.803	     7
11.814	     8
11.825	     7
11.836	     8
11.847	     7
11.858	     8
11.869	     8
 11.88	     7
11.891	     7
11.902	     7
11.913	     8
11.924	     7
11.935	     7
11.946	     7
11.957	     7
11.968	     7
11.979	     7
 11.99	     7
