-29.9992	     7
-29.9882	     7
-29.9772	     6
-29.9662	     7
-29.9552	     6
-29.9442	     7
-29.9332	     6
-29.9222	     7
-29.9112	     6
-29.9002	     7
-29.8892	     7
-29.8782	     7
-29.8672	     6
-29.8562	     6
-29.8452	     7
-29.8342	     6
-29.8232	     6
-29.8122	     7
-29.8012	     6
-29.7902	     7
-29.7792	     6
-29.7682	     7
-29.7572	     6
-29.7462	     7
-29.7352	     6
-29.7242	     7
-29.7132	     6
-29.7022	     7
-29.6912	     6
-29.6802	     6
-29.6692	     6
-29.6582	     7
-29.6472	     6
-29.6362	     7
-29.6252	     7
-29.6142	     6
-29.6032	     7
-29.5922	     6
-29.5812	     6
-29.5702	     7
-29.5592	     6
-29.5482	     7
-29.5372	     6
-29.5262	     7
-29.5152	     6
-29.5042	     7
-29.4932	     6
-29.4822	     7
-29.4712	     6
-29.4602	     7
-29.4492	     6
-29.4382	     7
-29.4272	     6
-29.4162	     7
-29.4052	     7
-29.3942	     6
-29.3832	     6
-29.3722	     6
-29.3612	     7
-29.3502	     6
-29.3392	     6
-29.3282	     7
-29.3172	     6
-29.3062	     7
-29.2952	     6
-29.2842	     7
-29.2732	     6
-29.2622	     7
-29.2512	     6
-29.2402	     7
-29.2292	     6
-29.2182	     7
-29.2072	     6
-29.1962	     7
-29.1852	     7
-29.1742	     7
-29.1632	     6
-29.1522	     6
-29.1412	     7
-29.1302	     6
-29.1192	     6
-29.1082	     7
-29.0972	     7
-29.0862	     7
-29.0752	     6
-29.0642	     7
-29.0532	     6
-29.0422	     7
-29.0312	     6
-29.0202	     7
-29.0092	     6
-28.9982	     7
-28.9872	     6
-28.9762	     7
-28.9652	     6
-28.9542	     7
-28.9432	     7
-28.9322	     7
-28.9212	     7
-28.9102	     6
-28.8992	     6
-28.8882	     6
-28.8772	     7
-28.8662	     6
-28.8552	     6
-28.8442	     7
-28.8332	     6
-28.8222	     7
-28.8112	     6
-28.8002	     7
-28.7892	     6
-28.7782	     7
-28.7672	     6
-28.7562	     7
-28.7452	     6
-28.7342	     7
-28.7232	     6
-28.7122	     7
-28.7012	     7
-28.6902	     6
-28.6792	     7
-28.6682	     7
-28.6572	     7
-28.6462	     6
-28.6352	     6
-28.6242	     7
-28.6132	     7
-28.6022	     7
-28.5912	     6
-28.5802	     7
-28.5692	     6
-28.5582	     7
-28.5472	     6
-28.5362	     7
-28.5252	     6
-28.5142	     7
-28.5032	     6
-28.4922	     7
-28.4812	     6
-28.4702	     7
-28.4592	     6
-28.4482	     7
-28.4372	     7
-28.4262	     7
-28.4152	     7
-28.4042	     7
-28.3932	     7
-28.3822	     7
-28.3712	     6
-28.3602	     7
-28.3492	     6
-28.3382	     7
-28.3272	     6
-28.3162	     7
-28.3052	     6
-28.2942	     7
-28.2832	     6
-28.2722	     7
-28.2612	     6
-28.2502	     7
-28.2392	     6
-28.2282	     7
-28.2172	     7
-28.2062	     7
-28.1952	     7
-28.1842	     7
-28.1732	     7
-28.1622	     7
-28.1512	     7
-28.1402	     7
-28.1292	     7
-28.1182	     7
-28.1072	     6
-28.0962	     7
-28.0852	     7
-28.0742	     7
-28.0632	     7
-28.0522	     7
-28.0412	     7
-28.0302	     7
-28.0192	     7
-28.0082	     7
-27.9972	     7
-27.9862	     7
-27.9752	     7
-27.9642	     7
-27.9532	     7
-27.9422	     7
-27.9312	     7
-27.9202	     7
-27.9092	     7
-27.8982	     7
-27.8872	     7
-27.8762	     7
-27.8652	     7
-27.8542	     7
-27.8432	     6
-27.8322	     7
-27.8212	     7
-27.8102	     7
-27.7992	     6
-27.7882	     7
-27.7772	     7
-27.7662	     7
-27.7552	     7
-27.7442	     7
-27.7332	     7
-27.7222	     7
-27.7112	     7
-27.7002	     7
-27.6892	     7
-27.6782	     7
-27.6672	     7
-27.6562	     7
-27.6452	     7
-27.6342	     7
-27.6232	     7
-27.6122	     7
-27.6012	     7
-27.5902	     7
-27.5792	     7
-27.5682	     7
-27.5572	     7
-27.5462	     7
-27.5352	     7
-27.5242	     7
-27.5132	     7
-27.5022	     7
-27.4912	     7
-27.4802	     7
-27.4692	     7
-27.4582	     7
-27.4472	     7
-27.4362	     7
-27.4252	     7
-27.4142	     7
-27.4032	     7
-27.3922	     7
-27.3812	     7
-27.3702	     7
-27.3592	     7
-27.3482	     7
-27.3372	     7
-27.3262	     7
-27.3152	     7
-27.3042	     7
-27.2932	     7
-27.2822	     7
-27.2712	     7
-27.2602	     7
-27.2492	     7
-27.2382	     7
-27.2272	     7
-27.2162	     7
-27.2052	     7
-27.1942	     7
-27.1832	     7
-27.1722	     7
-27.1612	     7
-27.1502	     7
-27.1392	     7
-27.1282	     8
-27.1172	     7
-27.1062	     8
-27.0952	     7
-27.0842	     8
-27.0732	     7
-27.0622	     7
-27.0512	     7
-27.0402	     7
-27.0292	     8
-27.0182	     7
-27.0072	     8
-26.9962	     8
-26.9852	     8
-26.9742	     8
-26.9632	     8
-26.9522	     8
-26.9412	     8
-26.9302	     8
-26.9192	     8
-26.9082	     8
-26.8972	     8
-26.8862	     9
-26.8752	     8
-26.8642	     8
-26.8532	     8
-26.8422	     9
-26.8312	     8
-26.8202	     9
-26.8092	     9
-26.7982	     9
-26.7872	     9
-26.7762	     9
-26.7652	     9
-26.7542	     9
-26.7432	     9
-26.7322	     9
-26.7212	     9
-26.7102	     9
-26.6992	     9
-26.6882	     9
-26.6772	     9
-26.6662	     9
-26.6552	     9
-26.6442	     9
-26.6332	     9
-26.6222	     9
-26.6112	     9
-26.6002	     9
-26.5892	     9
-26.5782	     9
-26.5672	     9
-26.5562	     9
-26.5452	     9
-26.5342	     9
-26.5232	     9
-26.5122	     9
-26.5012	     9
-26.4902	     9
-26.4792	     9
-26.4682	    10
-26.4572	     9
-26.4462	    10
-26.4352	     9
-26.4242	    10
-26.4132	    10
-26.4022	    10
-26.3912	    10
-26.3802	    11
-26.3692	    10
-26.3582	    11
-26.3472	    11
-26.3362	    11
-26.3252	    11
-26.3142	    12
-26.3032	    12
-26.2922	    12
-26.2812	    12
-26.2702	    12
-26.2592	    13
-26.2482	    13
-26.2372	    14
-26.2262	    14
-26.2152	    14
-26.2042	    15
-26.1932	    15
-26.1822	    16
-26.1712	    16
-26.1602	    17
-26.1492	    17
-26.1382	    18
-26.1272	    18
-26.1162	    19
-26.1052	    19
-26.0942	    20
-26.0832	    21
-26.0722	    21
-26.0612	    22
-26.0502	    23
-26.0392	    24
-26.0282	    25
-26.0172	    25
-26.0062	    26
-25.9952	    27
-25.9842	    29
-25.9732	    30
-25.9622	    32
-25.9512	    34
-25.9402	    37
-25.9292	    39
-25.9182	    42
-25.9072	    45
-25.8962	    48
-25.8852	    51
-25.8742	    54
-25.8632	    57
-25.8522	    60
-25.8412	    64
-25.8302	    68
-25.8192	    71
-25.8082	    74
-25.7972	    77
-25.7862	    79
-25.7752	    83
-25.7642	    85
-25.7532	    87
-25.7422	    88
-25.7312	    90
-25.7202	    91
-25.7092	    91
-25.6982	    91
-25.6872	    91
-25.6762	    91
-25.6652	    90
-25.6542	    90
-25.6432	    88
-25.6322	    87
-25.6212	    85
-25.6102	    83
-25.5992	    81
-25.5882	    77
-25.5772	    74
-25.5662	    70
-25.5552	    66
-25.5442	    63
-25.5332	    59
-25.5222	    55
-25.5112	    51
-25.5002	    48
-25.4892	    43
-25.4782	    40
-25.4672	    36
-25.4562	    33
-25.4452	    29
-25.4342	    27
-25.4232	    24
-25.4122	    23
-25.4012	    20
-25.3902	    18
-25.3792	    17
-25.3682	    15
-25.3572	    14
-25.3462	    13
-25.3352	    13
-25.3242	    12
-25.3132	    12
-25.3022	    12
-25.2912	    11
-25.2802	    11
-25.2692	    11
-25.2582	    11
-25.2472	    10
-25.2362	    11
-25.2252	    10
-25.2142	    10
-25.2032	    10
-25.1922	    10
-25.1812	     9
-25.1702	    10
-25.1592	     9
-25.1482	     9
-25.1372	     9
-25.1262	     9
-25.1152	     9
-25.1042	     9
-25.0932	     9
-25.0822	     9
-25.0712	     9
-25.0602	     9
-25.0492	     9
-25.0382	     9
-25.0272	     8
-25.0162	     8
-25.0052	     8
-24.9942	     8
-24.9832	     8
-24.9722	     9
-24.9612	     8
-24.9502	     8
-24.9392	     8
-24.9282	     8
-24.9172	     8
-24.9062	     8
-24.8952	     8
-24.8842	     8
-24.8732	     8
-24.8622	     7
-24.8512	     8
-24.8402	     7
-24.8292	     8
-24.8182	     7
-24.8072	     7
-24.7962	     7
-24.7852	     7
-24.7742	     7
-24.7632	     7
-24.7522	     7
-24.7412	     7
-24.7302	     7
-24.7192	     7
-24.7082	     7
-24.6972	     7
-24.6862	     7
-24.6752	     7
-24.6642	     7
-24.6532	     7
-24.6422	     7
-24.6312	     7
-24.6202	     7
-24.6092	     7
-24.5982	     7
-24.5872	     7
-24.5762	     7
-24.5652	     7
-24.5542	     7
-24.5432	     7
-24.5322	     7
-24.5212	     7
-24.5102	     7
-24.4992	     7
-24.4882	     7
-24.4772	     7
-24.4662	     7
-24.4552	     7
-24.4442	     7
-24.4332	     7
-24.4222	     7
-24.4112	     7
-24.4002	     7
-24.3892	     7
-24.3782	     7
-24.3672	     7
-24.3562	     7
-24.3452	     7
-24.3342	     7
-24.3232	     7
-24.3122	     7
-24.3012	     7
-24.2902	     7
-24.2792	     7
-24.2682	     7
-24.2572	     7
-24.2462	     7
-24.2352	     7
-24.2242	     7
-24.2132	     7
-24.2022	     7
-24.1912	     7
-24.1802	     7
-24.1692	     7
-24.1582	     7
-24.1472	     7
-24.1362	     7
-24.1252	     7
-24.1142	     7
-24.1032	     7
-24.0922	     7
-24.0812	     7
-24.0702	     7
-24.0592	     7
-24.0482	     7
-24.0372	     7
-24.0262	     7
-24.0152	     7
-24.0042	     7
-23.9932	     7
-23.9822	     7
-23.9712	     7
-23.9602	     7
-23.9492	     7
-23.9382	     7
-23.9272	     7
-23.9162	     7
-23.9052	     7
-23.8942	     7
-23.8832	     7
-23.8722	     7
-23.8612	     7
-23.8502	     7
-23.8392	     7
-23.8282	     7
-23.8172	     7
-23.8062	     7
-23.7952	     7
-23.7842	     7
-23.7732	     7
-23.7622	     7
-23.7512	     7
-23.7402	     7
-23.7292	     7
-23.7182	     7
-23.7072	     7
-23.6962	     7
-23.6852	     7
-23.6742	     7
-23.6632	     7
-23.6522	     7
-23.6412	     7
-23.6302	     7
-23.6192	     7
-23.6082	     7
-23.5972	     7
-23.5862	     7
-23.5752	     6
-23.5642	     7
-23.5532	     6
-23.5422	     7
-23.5312	     6
-23.5202	     7
-23.5092	     7
-23.4982	     7
-23.4872	     7
-23.4762	     7
-23.4652	     7
-23.4542	     7
-23.4432	     7
-23.4322	     7
-23.4212	     7
-23.4102	     7
-23.3992	     7
-23.3882	     7
-23.3772	     7
-23.3662	     7
-23.3552	     7
-23.3442	     7
-23.3332	     6
-23.3222	     7
-23.3112	     6
-23.3002	     7
-23.2892	     6
-23.2782	     7
-23.2672	     7
-23.2562	     7
-23.2452	     7
-23.2342	     7
-23.2232	     7
-23.2122	     7
-23.2012	     7
-23.1902	     7
-23.1792	     7
-23.1682	     7
-23.1572	     7
-23.1462	     7
-23.1352	     6
-23.1242	     7
-23.1132	     6
-23.1022	     7
-23.0912	     6
-23.0802	     7
-23.0692	     7
-23.0582	     7
-23.0472	     6
-23.0362	     7
-23.0252	     7
-23.0142	     7
-23.0032	     7
-22.9922	     7
-22.9812	     7
-22.9702	     7
-22.9592	     7
-22.9482	     6
-22.9372	     7
-22.9262	     7
-22.9152	     7
-22.9042	     7
-22.8932	     7
-22.8822	     7
-22.8712	     6
-22.8602	     7
-22.8492	     6
-22.8382	     7
-22.8272	     6
-22.8162	     7
-22.8052	     6
-22.7942	     7
-22.7832	     6
-22.7722	     7
-22.7612	     7
-22.7502	     7
-22.7392	     7
-22.7282	     6
-22.7172	     7
-22.7062	     6
-22.6952	     7
-22.6842	     7
-22.6732	     7
-22.6622	     7
-22.6512	     6
-22.6402	     7
-22.6292	     6
-22.6182	     7
-22.6072	     6
-22.5962	     7
-22.5852	     6
-22.5742	     7
-22.5632	     6
-22.5522	     7
-22.5412	     6
-22.5302	     7
-22.5192	     7
-22.5082	     7
-22.4972	     7
-22.4862	     6
-22.4752	     7
-22.4642	     6
-22.4532	     7
-22.4422	     7
-22.4312	     6
-22.4202	     7
-22.4092	     6
-22.3982	     7
-22.3872	     6
-22.3762	     7
-22.3652	     6
-22.3542	     7
-22.3432	     6
-22.3322	     7
-22.3212	     6
-22.3102	     7
-22.2992	     6
-22.2882	     7
-22.2772	     7
-22.2662	     7
-22.2552	     6
-22.2442	     6
-22.2332	     7
-22.2222	     6
-22.2112	     6
-22.2002	     7
-22.1892	     6
-22.1782	     7
-22.1672	     6
-22.1562	     7
-22.1452	     6
-22.1342	     7
-22.1232	     6
-22.1122	     7
-22.1012	     6
-22.0902	     7
-22.0792	     6
-22.0682	     7
-22.0572	     6
-22.0462	     6
-22.0352	     7
-22.0242	     7
-22.0132	     7
-22.0022	     6
-21.9912	     7
-21.9802	     7
-21.9692	     7
-21.9582	     7
-21.9472	     6
-21.9362	     7
-21.9252	     6
-21.9142	     7
-21.9032	     6
-21.8922	     7
-21.8812	     6
-21.8702	     7
-21.8592	     6
-21.8482	     7
-21.8372	     6
-21.8262	     7
-21.8152	     7
-21.8042	     7
-21.7932	     7
-21.7822	     6
-21.7712	     7
-21.7602	     7
-21.7492	     7
-21.7382	     7
-21.7272	     7
-21.7162	     7
-21.7052	     7
-21.6942	     7
-21.6832	     6
-21.6722	     7
-21.6612	     6
-21.6502	     7
-21.6392	     6
-21.6282	     7
-21.6172	     6
-21.6062	     7
-21.5952	     6
-21.5842	     7
-21.5732	     7
-21.5622	     7
-21.5512	     6
-21.5402	     6
-21.5292	     7
-21.5182	     6
-21.5072	     7
-21.4962	     6
-21.4852	     6
-21.4742	     7
-21.4632	     6
-21.4522	     7
-21.4412	     6
-21.4302	     7
-21.4192	     6
-21.4082	     7
-21.3972	     6
-21.3862	     7
-21.3752	     6
-21.3642	     7
-21.3532	     7
-21.3422	     7
-21.3312	     6
-21.3202	     6
-21.3092	     7
-21.2982	     7
-21.2872	     6
-21.2762	     7
-21.2652	     7
-21.2542	     7
-21.2432	     6
-21.2322	     7
-21.2212	     6
-21.2102	     7
-21.1992	     6
-21.1882	     7
-21.1772	     6
-21.1662	     7
-21.1552	     6
-21.1442	     7
-21.1332	     6
-21.1222	     7
-21.1112	     6
-21.1002	     7
-21.0892	     7
-21.0782	     6
-21.0672	     7
-21.0562	     6
-21.0452	     7
-21.0342	     6
-21.0232	     6
-21.0122	     7
-21.0012	     6
-20.9902	     7
-20.9792	     6
-20.9682	     7
-20.9572	     6
-20.9462	     7
-20.9352	     6
-20.9242	     7
-20.9132	     6
-20.9022	     7
-20.8912	     6
-20.8802	     7
-20.8692	     7
-20.8582	     7
-20.8472	     7
-20.8362	     7
-20.8252	     7
-20.8142	     7
-20.8032	     6
-20.7922	     7
-20.7812	     7
-20.7702	     7
-20.7592	     6
-20.7482	     7
-20.7372	     6
-20.7262	     7
-20.7152	     6
-20.7042	     7
-20.6932	     6
-20.6822	     7
-20.6712	     6
-20.6602	     7
-20.6492	     6
-20.6382	     6
-20.6272	     7
-20.6162	     6
-20.6052	     7
-20.5942	     7
-20.5832	     6
-20.5722	     6
-20.5612	     7
-20.5502	     6
-20.5392	     6
-20.5282	     7
-20.5172	     7
-20.5062	     7
-20.4952	     6
-20.4842	     7
-20.4732	     6
-20.4622	     7
-20.4512	     6
-20.4402	     7
-20.4292	     6
-20.4182	     7
-20.4072	     6
-20.3962	     7
-20.3852	     7
-20.3742	     7
-20.3632	     6
-20.3522	     6
-20.3412	     7
-20.3302	     6
-20.3192	     6
-20.3082	     7
-20.2972	     6
-20.2862	     7
-20.2752	     6
-20.2642	     7
-20.2532	     6
-20.2422	     7
-20.2312	     6
-20.2202	     7
-20.2092	     6
-20.1982	     7
-20.1872	     6
-20.1762	     7
-20.1652	     6
-20.1542	     7
-20.1432	     7
-20.1322	     7
-20.1212	     7
-20.1102	     7
-20.0992	     7
-20.0882	     7
-20.0772	     7
-20.0662	     7
-20.0552	     6
-20.0442	     7
-20.0332	     6
-20.0222	     7
-20.0112	     6
-20.0002	     7
-19.9892	     6
-19.9782	     7
-19.9672	     6
-19.9562	     7
-19.9452	     6
-19.9342	     7
-19.9232	     6
-19.9122	     7
-19.9012	     7
-19.8902	     7
-19.8792	     7
-19.8682	     7
-19.8572	     7
-19.8462	     7
-19.8352	     6
-19.8242	     7
-19.8132	     7
-19.8022	     7
-19.7912	     6
-19.7802	     7
-19.7692	     6
-19.7582	     7
-19.7472	     6
-19.7362	     7
-19.7252	     6
-19.7142	     7
-19.7032	     6
-19.6922	     7
-19.6812	     7
-19.6702	     7
-19.6592	     7
-19.6482	     7
-19.6372	     7
-19.6262	     7
-19.6152	     7
-19.6042	     7
-19.5932	     7
-19.5822	     7
-19.5712	     7
-19.5602	     7
-19.5492	     6
-19.5382	     7
-19.5272	     6
-19.5162	     7
-19.5052	     6
-19.4942	     7
-19.4832	     6
-19.4722	     7
-19.4612	     6
-19.4502	     7
-19.4392	     6
-19.4282	     7
-19.4172	     7
-19.4062	     6
-19.3952	     6
-19.3842	     6
-19.3732	     7
-19.3622	     7
-19.3512	     6
-19.3402	     7
-19.3292	     6
-19.3182	     7
-19.3072	     6
-19.2962	     7
-19.2852	     6
-19.2742	     7
-19.2632	     6
-19.2522	     7
-19.2412	     6
-19.2302	     7
-19.2192	     6
-19.2082	     7
-19.1972	     7
-19.1862	     7
-19.1752	     7
-19.1642	     7
-19.1532	     7
-19.1422	     7
-19.1312	     7
-19.1202	     7
-19.1092	     7
-19.0982	     7
-19.0872	     7
-19.0762	     7
-19.0652	     6
-19.0542	     7
-19.0432	     6
-19.0322	     7
-19.0212	     6
-19.0102	     7
-18.9992	     6
-18.9882	     7
-18.9772	     7
-18.9662	     7
-18.9552	     6
-18.9442	     7
-18.9332	     7
-18.9222	     7
-18.9112	     7
-18.9002	     7
-18.8892	     7
-18.8782	     7
-18.8672	     6
-18.8562	     7
-18.8452	     7
-18.8342	     7
-18.8232	     6
-18.8122	     7
-18.8012	     6
-18.7902	     7
-18.7792	     6
-18.7682	     7
-18.7572	     6
-18.7462	     7
-18.7352	     6
-18.7242	     7
-18.7132	     7
-18.7022	     6
-18.6912	     7
-18.6802	     6
-18.6692	     7
-18.6582	     7
-18.6472	     7
-18.6362	     7
-18.6252	     7
-18.6142	     7
-18.6032	     6
-18.5922	     7
-18.5812	     6
-18.5702	     7
-18.5592	     6
-18.5482	     7
-18.5372	     6
-18.5262	     7
-18.5152	     6
-18.5042	     7
-18.4932	     6
-18.4822	     7
-18.4712	     7
-18.4602	     7
-18.4492	     7
-18.4382	     7
-18.4272	     7
-18.4162	     7
-18.4052	     7
-18.3942	     7
-18.3832	     7
-18.3722	     7
-18.3612	     7
-18.3502	     7
-18.3392	     6
-18.3282	     7
-18.3172	     6
-18.3062	     7
-18.2952	     6
-18.2842	     7
-18.2732	     7
-18.2622	     7
-18.2512	     6
-18.2402	     7
-18.2292	     7
-18.2182	     7
-18.2072	     7
-18.1962	     7
-18.1852	     7
-18.1742	     7
-18.1632	     7
-18.1522	     7
-18.1412	     7
-18.1302	     7
-18.1192	     6
-18.1082	     7
-18.0972	     6
-18.0862	     7
-18.0752	     6
-18.0642	     7
-18.0532	     6
-18.0422	     7
-18.0312	     7
-18.0202	     7
-18.0092	     7
-17.9982	     7
-17.9872	     7
-17.9762	     6
-17.9652	     7
-17.9542	     7
-17.9432	     7
-17.9322	     7
-17.9212	     7
-17.9102	     7
-17.8992	     6
-17.8882	     7
-17.8772	     6
-17.8662	     7
-17.8552	     6
-17.8442	     7
-17.8332	     6
-17.8222	     7
-17.8112	     6
-17.8002	     7
-17.7892	     7
-17.7782	     7
-17.7672	     7
-17.7562	     7
-17.7452	     7
-17.7342	     7
-17.7232	     7
-17.7122	     6
-17.7012	     7
-17.6902	     7
-17.6792	     6
-17.6682	     7
-17.6572	     6
-17.6462	     7
-17.6352	     6
-17.6242	     7
-17.6132	     6
-17.6022	     7
-17.5912	     6
-17.5802	     7
-17.5692	     6
-17.5582	     7
-17.5472	     6
-17.5362	     7
-17.5252	     7
-17.5142	     7
-17.5032	     7
-17.4922	     7
-17.4812	     7
-17.4702	     7
-17.4592	     7
-17.4482	     7
-17.4372	     7
-17.4262	     7
-17.4152	     7
-17.4042	     7
-17.3932	     6
-17.3822	     7
-17.3712	     6
-17.3602	     7
-17.3492	     6
-17.3382	     7
-17.3272	     7
-17.3162	     7
-17.3052	     7
-17.2942	     7
-17.2832	     7
-17.2722	     7
-17.2612	     7
-17.2502	     7
-17.2392	     7
-17.2282	     7
-17.2172	     7
-17.2062	     7
-17.1952	     7
-17.1842	     7
-17.1732	     7
-17.1622	     7
-17.1512	     6
-17.1402	     7
-17.1292	     6
-17.1182	     7
-17.1072	     6
-17.0962	     7
-17.0852	     7
-17.0742	     7
-17.0632	     7
-17.0522	     7
-17.0412	     7
-17.0302	     7
-17.0192	     7
-17.0082	     7
-16.9972	     7
-16.9862	     7
-16.9752	     7
-16.9642	     7
-16.9532	     7
-16.9422	     7
-16.9312	     7
-16.9202	     7
-16.9092	     6
-16.8982	     7
-16.8872	     6
-16.8762	     7
-16.8652	     7
-16.8542	     7
-16.8432	     7
-16.8322	     7
-16.8212	     7
-16.8102	     7
-16.7992	     7
-16.7882	     7
-16.7772	     7
-16.7662	     7
-16.7552	     7
-16.7442	     7
-16.7332	     7
-16.7222	     7
-16.7112	     7
-16.7002	     7
-16.6892	     7
-16.6782	     7
-16.6672	     7
-16.6562	     7
-16.6452	     7
-16.6342	     7
-16.6232	     7
-16.6122	     7
-16.6012	     7
-16.5902	     7
-16.5792	     7
-16.5682	     7
-16.5572	     7
-16.5462	     7
-16.5352	     7
-16.5242	     7
-16.5132	     7
-16.5022	     7
-16.4912	     7
-16.4802	     7
-16.4692	     7
-16.4582	     7
-16.4472	     7
-16.4362	     7
-16.4252	     7
-16.4142	     7
-16.4032	     6
-16.3922	     7
-16.3812	     7
-16.3702	     7
-16.3592	     7
-16.3482	     7
-16.3372	     7
-16.3262	     7
-16.3152	     7
-16.3042	     7
-16.2932	     7
-16.2822	     7
-16.2712	     7
-16.2602	     7
-16.2492	     7
-16.2382	     7
-16.2272	     7
-16.2162	     7
-16.2052	     7
-16.1942	     7
-16.1832	     7
-16.1722	     7
-16.1612	     7
-16.1502	     7
-16.1392	     7
-16.1282	     7
-16.1172	     7
-16.1062	     7
-16.0952	     7
-16.0842	     7
-16.0732	     7
-16.0622	     7
-16.0512	     7
-16.0402	     7
-16.0292	     7
-16.0182	     7
-16.0072	     7
-15.9962	     7
-15.9852	     7
-15.9742	     7
-15.9632	     7
-15.9522	     7
-15.9412	     7
-15.9302	     7
-15.9192	     7
-15.9082	     7
-15.8972	     7
-15.8862	     7
-15.8752	     7
-15.8642	     7
-15.8532	     7
-15.8422	     7
-15.8312	     7
-15.8202	     7
-15.8092	     7
-15.7982	     7
-15.7872	     7
-15.7762	     7
-15.7652	     7
-15.7542	     7
-15.7432	     7
-15.7322	     7
-15.7212	     7
-15.7102	     7
-15.6992	     7
-15.6882	     7
-15.6772	     7
-15.6662	     7
-15.6552	     7
-15.6442	     7
-15.6332	     7
-15.6222	     7
-15.6112	     7
-15.6002	     7
-15.5892	     7
-15.5782	     7
-15.5672	     7
-15.5562	     7
-15.5452	     7
-15.5342	     7
-15.5232	     7
-15.5122	     7
-15.5012	     7
-15.4902	     8
-15.4792	     7
-15.4682	     8
-15.4572	     7
-15.4462	     8
-15.4352	     7
-15.4242	     7
-15.4132	     7
-15.4022	     7
-15.3912	     7
-15.3802	     7
-15.3692	     8
-15.3582	     7
-15.3472	     8
-15.3362	     7
-15.3252	     8
-15.3142	     8
-15.3032	     8
-15.2922	     8
-15.2812	     8
-15.2702	     8
-15.2592	     7
-15.2482	     8
-15.2372	     7
-15.2262	     8
-15.2152	     7
-15.2042	     8
-15.1932	     8
-15.1822	     8
-15.1712	     8
-15.1602	     8
-15.1492	     8
-15.1382	     8
-15.1272	     8
-15.1162	     8
-15.1052	     8
-15.0942	     8
-15.0832	     8
-15.0722	     8
-15.0612	     8
-15.0502	     9
-15.0392	     8
-15.0282	     9
-15.0172	     8
-15.0062	     9
-14.9952	     8
-14.9842	     9
-14.9732	     8
-14.9622	     9
-14.9512	     8
-14.9402	     8
-14.9292	     8
-14.9182	     8
-14.9072	     8
-14.8962	     8
-14.8852	     8
-14.8742	     8
-14.8632	     8
-14.8522	     8
-14.8412	     8
-14.8302	     9
-14.8192	     8
-14.8082	     9
-14.7972	     9
-14.7862	     9
-14.7752	     9
-14.7642	     9
-14.7532	     9
-14.7422	     9
-14.7312	     9
-14.7202	    10
-14.7092	     9
-14.6982	    10
-14.6872	    10
-14.6762	    10
-14.6652	    10
-14.6542	    10
-14.6432	    10
-14.6322	    10
-14.6212	    11
-14.6102	    11
-14.5992	    11
-14.5882	    11
-14.5772	    11
-14.5662	    11
-14.5552	    11
-14.5442	    11
-14.5332	    11
-14.5222	    12
-14.5112	    11
-14.5002	    12
-14.4892	    11
-14.4782	    11
-14.4672	    11
-14.4562	    11
-14.4452	    11
-14.4342	    11
-14.4232	    11
-14.4122	    12
-14.4012	    12
-14.3902	    12
-14.3792	    12
-14.3682	    12
-14.3572	    12
-14.3462	    12
-14.3352	    12
-14.3242	    13
-14.3132	    12
-14.3022	    13
-14.2912	    13
-14.2802	    13
-14.2692	    13
-14.2582	    14
-14.2472	    14
-14.2362	    15
-14.2252	    15
-14.2142	    16
-14.2032	    16
-14.1922	    17
-14.1812	    17
-14.1702	    18
-14.1592	    19
-14.1482	    19
-14.1372	    20
-14.1262	    20
-14.1152	    21
-14.1042	    22
-14.0932	    22
-14.0822	    24
-14.0712	    24
-14.0602	    26
-14.0492	    26
-14.0382	    27
-14.0272	    27
-14.0162	    27
-14.0052	    27
-13.9942	    28
-13.9832	    28
-13.9722	    29
-13.9612	    30
-13.9502	    31
-13.9392	    33
-13.9282	    34
-13.9172	    36
-13.9062	    36
-13.8952	    38
-13.8842	    39
-13.8732	    41
-13.8622	    43
-13.8512	    44
-13.8402	    46
-13.8292	    49
-13.8182	    52
-13.8072	    54
-13.7962	    57
-13.7852	    60
-13.7742	    62
-13.7632	    66
-13.7522	    70
-13.7412	    75
-13.7302	    81
-13.7192	    87
-13.7082	    94
-13.6972	   102
-13.6862	   109
-13.6752	   116
-13.6642	   121
-13.6532	   129
-13.6422	   136
-13.6312	   143
-13.6202	   149
-13.6092	   157
-13.5982	   162
-13.5872	   169
-13.5762	   176
-13.5652	   181
-13.5542	   186
-13.5432	   190
-13.5322	   193
-13.5212	   196
-13.5102	   197
-13.4992	   198
-13.4882	   198
-13.4772	   196
-13.4662	   194
-13.4552	   190
-13.4442	   188
-13.4332	   184
-13.4222	   179
-13.4112	   172
-13.4002	   166
-13.3892	   158
-13.3782	   150
-13.3672	   139
-13.3562	   130
-13.3452	   117
-13.3342	   108
-13.3232	    97
-13.3122	    88
-13.3012	    78
-13.2902	    70
-13.2792	    61
-13.2682	    54
-13.2572	    46
-13.2462	    39
-13.2352	    33
-13.2242	    28
-13.2132	    25
-13.2022	    23
-13.1912	    21
-13.1802	    20
-13.1692	    19
-13.1582	    18
-13.1472	    17
-13.1362	    16
-13.1252	    15
-13.1142	    15
-13.1032	    14
-13.0922	    14
-13.0812	    13
-13.0702	    13
-13.0592	    12
-13.0482	    13
-13.0372	    12
-13.0262	    12
-13.0152	    11
-13.0042	    11
-12.9932	    11
-12.9822	    11
-12.9712	    10
-12.9602	    10
-12.9492	    10
-12.9382	    10
-12.9272	    10
-12.9162	    10
-12.9052	    10
-12.8942	    10
-12.8832	     9
-12.8722	    10
-12.8612	     9
-12.8502	     9
-12.8392	     9
-12.8282	     9
-12.8172	     9
-12.8062	     9
-12.7952	     9
-12.7842	     9
-12.7732	     9
-12.7622	     9
-12.7512	     9
-12.7402	     9
-12.7292	     9
-12.7182	     8
-12.7072	     8
-12.6962	     8
-12.6852	     8
-12.6742	     8
-12.6632	     8
-12.6522	     8
-12.6412	     8
-12.6302	     8
-12.6192	     8
-12.6082	     8
-12.5972	     8
-12.5862	     8
-12.5752	     7
-12.5642	     8
-12.5532	     7
-12.5422	     7
-12.5312	     7
-12.5202	     7
-12.5092	     7
-12.4982	     7
-12.4872	     7
-12.4762	     7
-12.4652	     7
-12.4542	     7
-12.4432	     7
-12.4322	     7
-12.4212	     7
-12.4102	     7
-12.3992	     7
-12.3882	     7
-12.3772	     7
-12.3662	     7
-12.3552	     7
-12.3442	     8
-12.3332	     7
-12.3222	     7
-12.3112	     7
-12.3002	     7
-12.2892	     7
-12.2782	     7
-12.2672	     7
-12.2562	     7
-12.2452	     7
-12.2342	     7
-12.2232	     7
-12.2122	     7
-12.2012	     7
-12.1902	     7
-12.1792	     7
-12.1682	     7
-12.1572	     7
-12.1462	     8
-12.1352	     7
-12.1242	     8
-12.1132	     7
-12.1022	     7
-12.0912	     7
-12.0802	     7
-12.0692	     7
-12.0582	     7
-12.0472	     7
-12.0362	     7
-12.0252	     7
-12.0142	     7
-12.0032	     7
-11.9922	     7
-11.9812	     7
-11.9702	     7
-11.9592	     7
-11.9482	     8
-11.9372	     7
-11.9262	     8
-11.9152	     7
-11.9042	     8
-11.8932	     7
-11.8822	     8
-11.8712	     7
-11.8602	     8
-11.8492	     8
-11.8382	     8
-11.8272	     8
-11.8162	     8
-11.8052	     8
-11.7942	     8
-11.7832	     8
-11.7722	     8
-11.7612	     8
-11.7502	     8
-11.7392	     8
-11.7282	     8
-11.7172	     8
-11.7062	     8
-11.6952	     8
-11.6842	     8
-11.6732	     8
-11.6622	     8
-11.6512	     7
-11.6402	     8
-11.6292	     8
-11.6182	     8
-11.6072	     8
-11.5962	     8
-11.5852	     8
-11.5742	     7
-11.5632	     7
-11.5522	     7
-11.5412	     7
-11.5302	     7
-11.5192	     7
-11.5082	     7
-11.4972	     7
-11.4862	     7
-11.4752	     7
-11.4642	     7
-11.4532	     7
-11.4422	     7
-11.4312	     7
-11.4202	     7
-11.4092	     7
-11.3982	     7
-11.3872	     7
-11.3762	     7
-11.3652	     7
-11.3542	     7
-11.3432	     7
-11.3322	     7
-11.3212	     7
-11.3102	     7
-11.2992	     7
-11.2882	     7
-11.2772	     7
-11.2662	     7
-11.2552	     7
-11.2442	     7
-11.2332	     7
-11.2222	     7
-11.2112	     7
-11.2002	     7
-11.1892	     7
-11.1782	     7
-11.1672	     6
-11.1562	     7
-11.1452	     7
-11.1342	     7
-11.1232	     7
-11.1122	     7
-11.1012	     7
-11.0902	     7
-11.0792	     7
-11.0682	     7
-11.0572	     7
-11.0462	     7
-11.0352	     7
-11.0242	     7
-11.0132	     7
-11.0022	     7
-10.9912	     7
-10.9802	     7
-10.9692	     7
-10.9582	     7
-10.9472	     6
-10.9362	     7
-10.9252	     7
-10.9142	     7
-10.9032	     7
-10.8922	     7
-10.8812	     7
-10.8702	     7
-10.8592	     7
-10.8482	     7
-10.8372	     7
-10.8262	     7
-10.8152	     7
-10.8042	     7
-10.7932	     7
-10.7822	     7
-10.7712	     7
-10.7602	     7
-10.7492	     7
-10.7382	     7
-10.7272	     7
-10.7162	     7
-10.7052	     7
-10.6942	     7
-10.6832	     7
-10.6722	     7
-10.6612	     7
-10.6502	     7
-10.6392	     7
-10.6282	     7
-10.6172	     7
-10.6062	     7
-10.5952	     7
-10.5842	     7
-10.5732	     7
-10.5622	     7
-10.5512	     7
-10.5402	     7
-10.5292	     7
-10.5182	     7
-10.5072	     7
-10.4962	     7
-10.4852	     7
-10.4742	     7
-10.4632	     7
-10.4522	     7
-10.4412	     7
-10.4302	     7
-10.4192	     7
-10.4082	     7
-10.3972	     7
-10.3862	     7
-10.3752	     7
-10.3642	     7
-10.3532	     7
-10.3422	     7
-10.3312	     7
-10.3202	     7
-10.3092	     7
-10.2982	     7
-10.2872	     7
-10.2762	     7
-10.2652	     7
-10.2542	     7
-10.2432	     7
-10.2322	     7
-10.2212	     7
-10.2102	     7
-10.1992	     7
-10.1882	     7
-10.1772	     7
-10.1662	     7
-10.1552	     7
-10.1442	     7
-10.1332	     7
-10.1222	     7
-10.1112	     7
-10.1002	     7
-10.0892	     7
-10.0782	     7
-10.0672	     7
-10.0562	     7
-10.0452	     7
-10.0342	     7
-10.0232	     7
-10.0122	     7
-10.0012	     7
-9.9902	     7
-9.9792	     7
-9.9682	     7
-9.9572	     7
-9.9462	     7
-9.9352	     7
-9.9242	     7
-9.9132	     7
-9.9022	     7
-9.8912	     7
-9.8802	     7
-9.8692	     7
-9.8582	     7
-9.8472	     7
-9.8362	     7
-9.8252	     7
-9.8142	     7
-9.8032	     7
-9.7922	     7
-9.7812	     7
-9.7702	     7
-9.7592	     6
-9.7482	     7
-9.7372	     6
-9.7262	     7
-9.7152	     7
-9.7042	     7
-9.6932	     7
-9.6822	     7
-9.6712	     7
-9.6602	     7
-9.6492	     7
-9.6382	     7
-9.6272	     7
-9.6162	     7
-9.6052	     7
-9.5942	     7
-9.5832	     7
-9.5722	     7
-9.5612	     7
-9.5502	     7
-9.5392	     6
-9.5282	     7
-9.5172	     7
-9.5062	     7
-9.4952	     7
-9.4842	     7
-9.4732	     7
-9.4622	     7
-9.4512	     7
-9.4402	     7
-9.4292	     7
-9.4182	     7
-9.4072	     7
-9.3962	     7
-9.3852	     7
-9.3742	     7
-9.3632	     7
-9.3522	     7
-9.3412	     7
-9.3302	     7
-9.3192	     7
-9.3082	     7
-9.2972	     6
-9.2862	     7
-9.2752	     6
-9.2642	     7
-9.2532	     7
-9.2422	     7
-9.2312	     7
-9.2202	     7
-9.2092	     7
-9.1982	     7
-9.1872	     7
-9.1762	     7
-9.1652	     7
-9.1542	     7
-9.1432	     7
-9.1322	     7
-9.1212	     7
-9.1102	     7
-9.0992	     6
-9.0882	     7
-9.0772	     7
-9.0662	     7
-9.0552	     6
-9.0442	     7
-9.0332	     7
-9.0222	     7
-9.0112	     6
-9.0002	     7
-8.9892	     7
-8.9782	     7
-8.9672	     7
-8.9562	     7
-8.9452	     7
-8.9342	     7
-8.9232	     7
-8.9122	     7
-8.9012	     7
-8.8902	     7
-8.8792	     7
-8.8682	     7
-8.8572	     7
-8.8462	     7
-8.8352	     6
-8.8242	     7
-8.8132	     6
-8.8022	     7
-8.7912	     6
-8.7802	     7
-8.7692	     7
-8.7582	     7
-8.7472	     7
-8.7362	     7
-8.7252	     7
-8.7142	     7
-8.7032	     7
-8.6922	     7
-8.6812	     7
-8.6702	     7
-8.6592	     7
-8.6482	     7
-8.6372	     7
-8.6262	     7
-8.6152	     7
-8.6042	     7
-8.5932	     7
-8.5822	     7
-8.5712	     6
-8.5602	     7
-8.5492	     7
-8.5382	     7
-8.5272	     7
-8.5162	     7
-8.5052	     7
-8.4942	     7
-8.4832	     7
-8.4722	     7
-8.4612	     7
-8.4502	     7
-8.4392	     7
-8.4282	     7
-8.4172	     7
-8.4062	     7
-8.3952	     7
-8.3842	     7
-8.3732	     7
-8.3622	     7
-8.3512	     6
-8.3402	     7
-8.3292	     7
-8.3182	     7
-8.3072	     6
-8.2962	     7
-8.2852	     7
-8.2742	     7
-8.2632	     7
-8.2522	     7
-8.2412	     7
-8.2302	     7
-8.2192	     7
-8.2082	     7
-8.1972	     7
-8.1862	     7
-8.1752	     7
-8.1642	     7
-8.1532	     7
-8.1422	     7
-8.1312	     7
-8.1202	     7
-8.1092	     7
-8.0982	     7
-8.0872	     7
-8.0762	     7
-8.0652	     7
-8.0542	     7
-8.0432	     7
-8.0322	     7
-8.0212	     7
-8.0102	     7
-7.9992	     7
-7.9882	     7
-7.9772	     7
-7.9662	     7
-7.9552	     7
-7.9442	     7
-7.9332	     7
-7.9222	     7
-7.9112	     7
-7.9002	     7
-7.8892	     7
-7.8782	     7
-7.8672	     7
-7.8562	     7
-7.8452	     7
-7.8342	     7
-7.8232	     7
-7.8122	     7
-7.8012	     7
-7.7902	     7
-7.7792	     7
-7.7682	     7
-7.7572	     7
-7.7462	     7
-7.7352	     7
-7.7242	     7
-7.7132	     7
-7.7022	     7
-7.6912	     7
-7.6802	     7
-7.6692	     7
-7.6582	     7
-7.6472	     7
-7.6362	     7
-7.6252	     7
-7.6142	     7
-7.6032	     6
-7.5922	     7
-7.5812	     7
-7.5702	     7
-7.5592	     7
-7.5482	     7
-7.5372	     7
-7.5262	     7
-7.5152	     7
-7.5042	     7
-7.4932	     7
-7.4822	     7
-7.4712	     7
-7.4602	     7
-7.4492	     7
-7.4382	     7
-7.4272	     6
-7.4162	     7
-7.4052	     7
-7.3942	     7
-7.3832	     6
-7.3722	     7
-7.3612	     6
-7.3502	     7
-7.3392	     7
-7.3282	     7
-7.3172	     7
-7.3062	     7
-7.2952	     7
-7.2842	     7
-7.2732	     7
-7.2622	     7
-7.2512	     7
-7.2402	     7
-7.2292	     7
-7.2182	     7
-7.2072	     7
-7.1962	     7
-7.1852	     7
-7.1742	     7
-7.1632	     6
-7.1522	     7
-7.1412	     7
-7.1302	     7
-7.1192	     7
-7.1082	     7
-7.0972	     7
-7.0862	     7
-7.0752	     7
-7.0642	     7
-7.0532	     7
-7.0422	     7
-7.0312	     7
-7.0202	     7
-7.0092	     7
-6.9982	     7
-6.9872	     7
-6.9762	     7
-6.9652	     7
-6.9542	     7
-6.9432	     7
-6.9322	     7
-6.9212	     7
-6.9102	     7
-6.8992	     7
-6.8882	     7
-6.8772	     7
-6.8662	     7
-6.8552	     7
-6.8442	     7
-6.8332	     7
-6.8222	     7
-6.8112	     7
-6.8002	     7
-6.7892	     7
-6.7782	     7
-6.7672	     7
-6.7562	     7
-6.7452	     7
-6.7342	     7
-6.7232	     7
-6.7122	     7
-6.7012	     7
-6.6902	     7
-6.6792	     6
-6.6682	     7
-6.6572	     7
-6.6462	     7
-6.6352	     7
-6.6242	     7
-6.6132	     7
-6.6022	     7
-6.5912	     7
-6.5802	     7
-6.5692	     7
-6.5582	     7
-6.5472	     7
-6.5362	     7
-6.5252	     7
-6.5142	     7
-6.5032	     7
-6.4922	     7
-6.4812	     7
-6.4702	     7
-6.4592	     7
-6.4482	     7
-6.4372	     7
-6.4262	     7
-6.4152	     7
-6.4042	     7
-6.3932	     7
-6.3822	     7
-6.3712	     7
-6.3602	     7
-6.3492	     7
-6.3382	     7
-6.3272	     7
-6.3162	     7
-6.3052	     7
-6.2942	     7
-6.2832	     7
-6.2722	     7
-6.2612	     7
-6.2502	     7
-6.2392	     7
-6.2282	     7
-6.2172	     7
-6.2062	     7
-6.1952	     7
-6.1842	     7
-6.1732	     7
-6.1622	     7
-6.1512	     7
-6.1402	     7
-6.1292	     7
-6.1182	     7
-6.1072	     7
-6.0962	     7
-6.0852	     7
-6.0742	     7
-6.0632	     7
-6.0522	     7
-6.0412	     7
-6.0302	     7
-6.0192	     7
-6.0082	     7
-5.9972	     7
-5.9862	     7
-5.9752	     7
-5.9642	     7
-5.9532	     7
-5.9422	     7
-5.9312	     7
-5.9202	     7
-5.9092	     7
-5.8982	     7
-5.8872	     7
-5.8762	     7
-5.8652	     7
-5.8542	     7
-5.8432	     7
-5.8322	     7
-5.8212	     7
-5.8102	     7
-5.7992	     7
-5.7882	     7
-5.7772	     7
-5.7662	     7
-5.7552	     7
-5.7442	     7
-5.7332	     7
-5.7222	     7
-5.7112	     7
-5.7002	     7
-5.6892	     7
-5.6782	     7
-5.6672	     7
-5.6562	     7
-5.6452	     7
-5.6342	     7
-5.6232	     7
-5.6122	     7
-5.6012	     7
-5.5902	     7
-5.5792	     7
-5.5682	     7
-5.5572	     7
-5.5462	     7
-5.5352	     7
-5.5242	     7
-5.5132	     7
-5.5022	     7
-5.4912	     6
-5.4802	     7
-5.4692	     7
-5.4582	     7
-5.4472	     7
-5.4362	     7
-5.4252	     7
-5.4142	     7
-5.4032	     7
-5.3922	     7
-5.3812	     7
-5.3702	     7
-5.3592	     7
-5.3482	     7
-5.3372	     7
-5.3262	     7
-5.3152	     7
-5.3042	     7
-5.2932	     7
-5.2822	     7
-5.2712	     7
-5.2602	     7
-5.2492	     7
-5.2382	     7
-5.2272	     7
-5.2162	     7
-5.2052	     7
-5.1942	     7
-5.1832	     7
-5.1722	     7
-5.1612	     7
-5.1502	     7
-5.1392	     7
-5.1282	     7
-5.1172	     7
-5.1062	     7
-5.0952	     7
-5.0842	     7
-5.0732	     7
-5.0622	     7
-5.0512	     7
-5.0402	     7
-5.0292	     7
-5.0182	     7
-5.0072	     7
-4.9962	     7
-4.9852	     7
-4.9742	     7
-4.9632	     7
-4.9522	     7
-4.9412	     7
-4.9302	     7
-4.9192	     7
-4.9082	     7
-4.8972	     7
-4.8862	     7
-4.8752	     7
-4.8642	     7
-4.8532	     7
-4.8422	     7
-4.8312	     7
-4.8202	     7
-4.8092	     7
-4.7982	     7
-4.7872	     7
-4.7762	     7
-4.7652	     7
-4.7542	     7
-4.7432	     7
-4.7322	     7
-4.7212	     7
-4.7102	     7
-4.6992	     7
-4.6882	     7
-4.6772	     7
-4.6662	     7
-4.6552	     7
-4.6442	     7
-4.6332	     7
-4.6222	     7
-4.6112	     7
-4.6002	     7
-4.5892	     7
-4.5782	     7
-4.5672	     7
-4.5562	     7
-4.5452	     7
-4.5342	     7
-4.5232	     7
-4.5122	     7
-4.5012	     7
-4.4902	     7
-4.4792	     7
-4.4682	     7
-4.4572	     7
-4.4462	     7
-4.4352	     7
-4.4242	     7
-4.4132	     7
-4.4022	     7
-4.3912	     7
-4.3802	     7
-4.3692	     7
-4.3582	     7
-4.3472	     7
-4.3362	     7
-4.3252	     7
-4.3142	     7
-4.3032	     7
-4.2922	     7
-4.2812	     7
-4.2702	     7
-4.2592	     7
-4.2482	     7
-4.2372	     7
-4.2262	     7
-4.2152	     7
-4.2042	     7
-4.1932	     7
-4.1822	     7
-4.1712	     7
-4.1602	     7
-4.1492	     7
-4.1382	     7
-4.1272	     7
-4.1162	     7
-4.1052	     7
-4.0942	     7
-4.0832	     7
-4.0722	     7
-4.0612	     7
-4.0502	     7
-4.0392	     7
-4.0282	     7
-4.0172	     7
-4.0062	     7
-3.9952	     7
-3.9842	     7
-3.9732	     7
-3.9622	     7
-3.9512	     7
-3.9402	     7
-3.9292	     7
-3.9182	     7
-3.9072	     7
-3.8962	     7
-3.8852	     7
-3.8742	     7
-3.8632	     7
-3.8522	     7
-3.8412	     7
-3.8302	     7
-3.8192	     7
-3.8082	     7
-3.7972	     7
-3.7862	     7
-3.7752	     7
-3.7642	     7
-3.7532	     7
-3.7422	     7
-3.7312	     7
-3.7202	     7
-3.7092	     7
-3.6982	     7
-3.6872	     7
-3.6762	     7
-3.6652	     7
-3.6542	     7
-3.6432	     7
-3.6322	     7
-3.6212	     7
-3.6102	     7
-3.5992	     7
-3.5882	     8
-3.5772	     7
-3.5662	     7
-3.5552	     7
-3.5442	     7
-3.5332	     7
-3.5222	     7
-3.5112	     7
-3.5002	     7
-3.4892	     7
-3.4782	     7
-3.4672	     7
-3.4562	     7
-3.4452	     7
-3.4342	     7
-3.4232	     7
-3.4122	     7
-3.4012	     7
-3.3902	     8
-3.3792	     7
-3.3682	     8
-3.3572	     7
-3.3462	     8
-3.3352	     7
-3.3242	     8
-3.3132	     7
-3.3022	     8
-3.2912	     8
-3.2802	     8
-3.2692	     8
-3.2582	     8
-3.2472	     8
-3.2362	     8
-3.2252	     8
-3.2142	     8
-3.2032	     8
-3.1922	     8
-3.1812	     8
-3.1702	     8
-3.1592	     8
-3.1482	     8
-3.1372	     8
-3.1262	     9
-3.1152	     8
-3.1042	     9
-3.0932	     8
-3.0822	     9
-3.0712	     9
-3.0602	     9
-3.0492	     9
-3.0382	     9
-3.0272	     9
-3.0162	     9
-3.0052	     9
-2.9942	     9
-2.9832	     9
-2.9722	     9
-2.9612	     9
-2.9502	     9
-2.9392	     9
-2.9282	     9
-2.9172	     9
-2.9062	     9
-2.8952	     9
-2.8842	     9
-2.8732	     9
-2.8622	     9
-2.8512	     9
-2.8402	     9
-2.8292	     9
-2.8182	     9
-2.8072	     9
-2.7962	     9
-2.7852	     9
-2.7742	     9
-2.7632	     9
-2.7522	     9
-2.7412	     9
-2.7302	     9
-2.7192	     9
-2.7082	     9
-2.6972	     9
-2.6862	     9
-2.6752	     9
-2.6642	     9
-2.6532	     9
-2.6422	    10
-2.6312	     9
-2.6202	    10
-2.6092	    10
-2.5982	    10
-2.5872	    10
-2.5762	    10
-2.5652	    10
-2.5542	    11
-2.5432	    10
-2.5322	    11
-2.5212	    11
-2.5102	    11
-2.4992	    11
-2.4882	    11
-2.4772	    11
-2.4662	    11
-2.4552	    11
-2.4442	    12
-2.4332	    11
-2.4222	    12
-2.4112	    11
-2.4002	    12
-2.3892	    12
-2.3782	    12
-2.3672	    12
-2.3562	    12
-2.3452	    12
-2.3342	    12
-2.3232	    12
-2.3122	    12
-2.3012	    12
-2.2902	    12
-2.2792	    12
-2.2682	    12
-2.2572	    12
-2.2462	    12
-2.2352	    12
-2.2242	    13
-2.2132	    13
-2.2022	    13
-2.1912	    13
-2.1802	    13
-2.1692	    14
-2.1582	    14
-2.1472	    14
-2.1362	    15
-2.1252	    15
-2.1142	    15
-2.1032	    16
-2.0922	    16
-2.0812	    17
-2.0702	    17
-2.0592	    18
-2.0482	    19
-2.0372	    19
-2.0262	    20
-2.0152	    21
-2.0042	    22
-1.9932	    23
-1.9822	    23
-1.9712	    24
-1.9602	    25
-1.9492	    26
-1.9382	    27
-1.9272	    29
-1.9162	    30
-1.9052	    31
-1.8942	    33
-1.8832	    34
-1.8722	    35
-1.8612	    36
-1.8502	    38
-1.8392	    39
-1.8282	    41
-1.8172	    43
-1.8062	    45
-1.7952	    48
-1.7842	    49
-1.7732	    51
-1.7622	    53
-1.7512	    54
-1.7402	    56
-1.7292	    57
-1.7182	    58
-1.7072	    59
-1.6962	    60
-1.6852	    62
-1.6742	    65
-1.6632	    67
-1.6522	    71
-1.6412	    74
-1.6302	    76
-1.6192	    80
-1.6082	    84
-1.5972	    89
-1.5862	    95
-1.5752	   102
-1.5642	   108
-1.5532	   116
-1.5422	   122
-1.5312	   130
-1.5202	   137
-1.5092	   145
-1.4982	   153
-1.4872	   161
-1.4762	   170
-1.4652	   178
-1.4542	   185
-1.4432	   189
-1.4322	   196
-1.4212	   201
-1.4102	   206
-1.3992	   212
-1.3882	   215
-1.3772	   220
-1.3662	   223
-1.3552	   229
-1.3442	   231
-1.3332	   233
-1.3222	   234
-1.3112	   235
-1.3002	   235
-1.2892	   234
-1.2782	   233
-1.2672	   231
-1.2562	   230
-1.2452	   226
-1.2342	   224
-1.2232	   216
-1.2122	   212
-1.2012	   205
-1.1902	   199
-1.1792	   192
-1.1682	   184
-1.1572	   175
-1.1462	   167
-1.1352	   157
-1.1242	   148
-1.1132	   137
-1.1022	   127
-1.0912	   115
-1.0802	   104
-1.0692	    94
-1.0582	    86
-1.0472	    76
-1.0362	    70
-1.0252	    62
-1.0142	    55
-1.0032	    46
-0.9922	    41
-0.9812	    36
-0.9702	    33
-0.9592	    30
-0.9482	    28
-0.9372	    26
-0.9262	    24
-0.9152	    23
-0.9042	    22
-0.8932	    20
-0.8822	    20
-0.8712	    18
-0.8602	    18
-0.8492	    17
-0.8382	    16
-0.8272	    15
-0.8162	    15
-0.8052	    14
-0.7942	    14
-0.7832	    13
-0.7722	    13
-0.7612	    13
-0.7502	    13
-0.7392	    12
-0.7282	    12
-0.7172	    11
-0.7062	    11
-0.6952	    11
-0.6842	    11
-0.6732	    10
-0.6622	    10
-0.6512	    10
-0.6402	    10
-0.6292	    10
-0.6182	    10
-0.6072	    10
-0.5962	    10
-0.5852	    10
-0.5742	     9
-0.5632	     9
-0.5522	     9
-0.5412	     9
-0.5302	     9
-0.5192	     9
-0.5082	     9
-0.4972	     9
-0.4862	     9
-0.4752	     8
-0.4642	     9
-0.4532	     8
-0.4422	     9
-0.4312	     8
-0.4202	     9
-0.4092	     8
-0.3982	     8
-0.3872	     8
-0.3762	     8
-0.3652	     8
-0.3542	     8
-0.3432	     8
-0.3322	     8
-0.3212	     8
-0.3102	     8
-0.2992	     8
-0.2882	     8
-0.2772	     8
-0.2662	     8
-0.2552	     8
-0.2442	     8
-0.2332	     8
-0.2222	     8
-0.2112	     8
-0.2002	     8
-0.1892	     8
-0.1782	     8
-0.1672	     8
-0.1562	     8
-0.1452	     8
-0.1342	     8
-0.1232	     8
-0.1122	     8
-0.1012	     8
-0.0902	     8
-0.0792	     8
-0.0682	     8
-0.0572	     7
-0.0462	     8
-0.0352	     7
-0.0242	     8
-0.0132	     7
-0.0022	     8
0.0088	     7
0.0198	     8
0.0308	     7
0.0418	     8
0.0528	     7
0.0638	     7
0.0748	     7
0.0858	     7
0.0968	     7
0.1078	     7
0.1188	     8
0.1298	     7
0.1408	     8
0.1518	     7
0.1628	     8
0.1738	     8
0.1848	     8
0.1958	     8
0.2068	     8
0.2178	     8
0.2288	     7
0.2398	     8
0.2508	     8
0.2618	     8
0.2728	     8
0.2838	     8
0.2948	     8
0.3058	     8
0.3168	     8
0.3278	     8
0.3388	     8
0.3498	     8
0.3608	     8
0.3718	     8
0.3828	     8
0.3938	     8
0.4048	     8
0.4158	     8
0.4268	     8
0.4378	     8
0.4488	     8
0.4598	     8
0.4708	     8
0.4818	     8
0.4928	     8
0.5038	     8
0.5148	     8
0.5258	     8
0.5368	     8
0.5478	     8
0.5588	     8
0.5698	     8
0.5808	     7
0.5918	     7
0.6028	     8
0.6138	     7
0.6248	     7
0.6358	     7
0.6468	     7
0.6578	     7
0.6688	     7
0.6798	     7
0.6908	     7
0.7018	     8
0.7128	     7
0.7238	     8
0.7348	     7
0.7458	     8
0.7568	     7
0.7678	     7
0.7788	     7
0.7898	     7
0.8008	     7
0.8118	     7
0.8228	     7
0.8338	     7
0.8448	     7
0.8558	     7
0.8668	     7
0.8778	     7
0.8888	     7
0.8998	     7
0.9108	     7
0.9218	     8
0.9328	     7
0.9438	     7
0.9548	     7
0.9658	     7
0.9768	     7
0.9878	     7
0.9988	     7
1.0098	     7
1.0208	     7
1.0318	     7
1.0428	     7
1.0538	     7
1.0648	     7
1.0758	     7
1.0868	     7
1.0978	     7
1.1088	     7
1.1198	     7
1.1308	     7
1.1418	     7
1.1528	     7
1.1638	     7
1.1748	     7
1.1858	     7
1.1968	     7
1.2078	     7
1.2188	     7
1.2298	     7
1.2408	     7
1.2518	     7
1.2628	     7
1.2738	     7
1.2848	     7
1.2958	     7
1.3068	     7
1.3178	     7
1.3288	     7
1.3398	     7
1.3508	     7
1.3618	     7
1.3728	     7
1.3838	     7
1.3948	     7
1.4058	     7
1.4168	     7
1.4278	     7
1.4388	     7
1.4498	     7
1.4608	     7
1.4718	     7
1.4828	     7
1.4938	     7
1.5048	     7
1.5158	     7
1.5268	     7
1.5378	     7
1.5488	     7
1.5598	     7
1.5708	     7
1.5818	     7
1.5928	     7
1.6038	     7
1.6148	     7
1.6258	     7
1.6368	     7
1.6478	     7
1.6588	     7
1.6698	     7
1.6808	     7
1.6918	     7
1.7028	     7
1.7138	     7
1.7248	     7
1.7358	     7
1.7468	     7
1.7578	     7
1.7688	     7
1.7798	     7
1.7908	     7
1.8018	     7
1.8128	     7
1.8238	     7
1.8348	     7
1.8458	     7
1.8568	     7
1.8678	     7
1.8788	     7
1.8898	     7
1.9008	     7
1.9118	     7
1.9228	     7
1.9338	     7
1.9448	     7
1.9558	     7
1.9668	     7
1.9778	     7
1.9888	     7
1.9998	     7
2.0108	     7
2.0218	     7
2.0328	     7
2.0438	     7
2.0548	     7
2.0658	     7
2.0768	     7
2.0878	     7
2.0988	     7
2.1098	     7
2.1208	     7
2.1318	     7
2.1428	     7
2.1538	     7
2.1648	     7
2.1758	     7
2.1868	     7
2.1978	     7
2.2088	     7
2.2198	     7
2.2308	     7
2.2418	     7
2.2528	     7
2.2638	     7
2.2748	     7
2.2858	     7
2.2968	     7
2.3078	     7
2.3188	     7
2.3298	     7
2.3408	     7
2.3518	     7
2.3628	     7
2.3738	     7
2.3848	     7
2.3958	     7
2.4068	     7
2.4178	     7
2.4288	     7
2.4398	     7
2.4508	     7
2.4618	     7
2.4728	     7
2.4838	     7
2.4948	     7
2.5058	     7
2.5168	     7
2.5278	     7
2.5388	     7
2.5498	     7
2.5608	     7
2.5718	     7
2.5828	     7
2.5938	     7
2.6048	     7
2.6158	     7
2.6268	     7
2.6378	     7
2.6488	     6
2.6598	     7
2.6708	     7
2.6818	     7
2.6928	     7
2.7038	     7
2.7148	     7
2.7258	     7
2.7368	     7
2.7478	     7
2.7588	     7
2.7698	     7
2.7808	     7
2.7918	     7
2.8028	     7
2.8138	     7
2.8248	     7
2.8358	     7
2.8468	     7
2.8578	     7
2.8688	     7
2.8798	     7
2.8908	     7
2.9018	     7
2.9128	     7
2.9238	     7
2.9348	     7
2.9458	     7
2.9568	     7
2.9678	     7
2.9788	     7
2.9898	     7
3.0008	     7
3.0118	     7
3.0228	     7
3.0338	     7
3.0448	     7
3.0558	     7
3.0668	     7
3.0778	     7
3.0888	     7
3.0998	     7
3.1108	     7
3.1218	     7
3.1328	     7
3.1438	     7
3.1548	     7
3.1658	     7
3.1768	     7
3.1878	     7
3.1988	     7
3.2098	     7
3.2208	     7
3.2318	     7
3.2428	     7
3.2538	     7
3.2648	     7
3.2758	     7
3.2868	     7
3.2978	     7
3.3088	     7
3.3198	     7
3.3308	     6
3.3418	     7
3.3528	     6
3.3638	     7
3.3748	     7
3.3858	     7
3.3968	     7
3.4078	     7
3.4188	     7
3.4298	     7
3.4408	     7
3.4518	     7
3.4628	     7
3.4738	     7
3.4848	     7
3.4958	     7
3.5068	     7
3.5178	     7
3.5288	     7
3.5398	     7
3.5508	     7
3.5618	     7
3.5728	     7
3.5838	     7
3.5948	     7
3.6058	     7
3.6168	     7
3.6278	     7
3.6388	     7
3.6498	     7
3.6608	     7
3.6718	     7
3.6828	     7
3.6938	     7
3.7048	     7
3.7158	     7
3.7268	     7
3.7378	     7
3.7488	     7
3.7598	     7
3.7708	     7
3.7818	     7
3.7928	     7
3.8038	     7
3.8148	     7
3.8258	     7
3.8368	     6
3.8478	     7
3.8588	     7
3.8698	     7
3.8808	     7
3.8918	     7
3.9028	     7
3.9138	     7
3.9248	     7
3.9358	     7
3.9468	     7
3.9578	     7
3.9688	     7
3.9798	     7
3.9908	     7
4.0018	     7
4.0128	     7
4.0238	     7
4.0348	     7
4.0458	     7
4.0568	     7
4.0678	     7
4.0788	     7
4.0898	     7
4.1008	     7
4.1118	     7
4.1228	     7
4.1338	     7
4.1448	     7
4.1558	     7
4.1668	     7
4.1778	     7
4.1888	     7
4.1998	     7
4.2108	     7
4.2218	     7
4.2328	     7
4.2438	     7
4.2548	     7
4.2658	     7
4.2768	     6
4.2878	     7
4.2988	     7
4.3098	     7
4.3208	     6
4.3318	     7
4.3428	     7
4.3538	     7
4.3648	     7
4.3758	     7
4.3868	     7
4.3978	     7
4.4088	     7
4.4198	     7
4.4308	     7
4.4418	     7
4.4528	     7
4.4638	     7
4.4748	     7
4.4858	     7
4.4968	     7
4.5078	     7
4.5188	     7
4.5298	     7
4.5408	     6
4.5518	     7
4.5628	     7
4.5738	     7
4.5848	     7
4.5958	     7
4.6068	     7
4.6178	     7
4.6288	     7
4.6398	     7
4.6508	     7
4.6618	     7
4.6728	     7
4.6838	     7
4.6948	     7
4.7058	     7
4.7168	     7
4.7278	     7
4.7388	     7
4.7498	     7
4.7608	     6
4.7718	     7
4.7828	     7
4.7938	     7
4.8048	     7
4.8158	     7
4.8268	     7
4.8378	     7
4.8488	     7
4.8598	     7
4.8708	     7
4.8818	     7
4.8928	     7
4.9038	     7
4.9148	     7
4.9258	     7
4.9368	     7
4.9478	     7
4.9588	     7
4.9698	     7
4.9808	     6
4.9918	     7
5.0028	     6
5.0138	     7
5.0248	     6
5.0358	     7
5.0468	     7
5.0578	     7
5.0688	     7
5.0798	     7
5.0908	     7
5.1018	     7
5.1128	     7
5.1238	     7
5.1348	     7
5.1458	     7
5.1568	     7
5.1678	     7
5.1788	     7
5.1898	     7
5.2008	     7
5.2118	     7
5.2228	     7
5.2338	     7
5.2448	     7
5.2558	     7
5.2668	     7
5.2778	     7
5.2888	     7
5.2998	     7
5.3108	     7
5.3218	     7
5.3328	     7
5.3438	     7
5.3548	     7
5.3658	     7
5.3768	     7
5.3878	     7
5.3988	     7
5.4098	     7
5.4208	     7
5.4318	     7
5.4428	     6
5.4538	     7
5.4648	     6
5.4758	     7
5.4868	     6
5.4978	     7
5.5088	     6
5.5198	     7
5.5308	     7
5.5418	     7
5.5528	     7
5.5638	     7
5.5748	     7
5.5858	     7
5.5968	     6
5.6078	     7
5.6188	     7
5.6298	     7
5.6408	     7
5.6518	     7
5.6628	     7
5.6738	     7
5.6848	     6
5.6958	     7
5.7068	     7
5.7178	     7
5.7288	     6
5.7398	     7
5.7508	     7
5.7618	     7
5.7728	     7
5.7838	     7
5.7948	     7
5.8058	     7
5.8168	     7
5.8278	     7
5.8388	     7
5.8498	     7
5.8608	     7
5.8718	     7
5.8828	     7
5.8938	     7
5.9048	     7
5.9158	     7
5.9268	     6
5.9378	     7
5.9488	     6
5.9598	     7
5.9708	     6
5.9818	     7
5.9928	     7
6.0038	     7
6.0148	     7
6.0258	     7
6.0368	     7
6.0478	     7
6.0588	     7
6.0698	     7
6.0808	     7
6.0918	     7
6.1028	     7
6.1138	     7
6.1248	     6
6.1358	     7
6.1468	     7
6.1578	     7
6.1688	     7
6.1798	     7
6.1908	     7
6.2018	     7
6.2128	     7
6.2238	     7
6.2348	     7
6.2458	     7
6.2568	     7
6.2678	     7
6.2788	     7
6.2898	     7
6.3008	     7
6.3118	     7
6.3228	     7
6.3338	     7
6.3448	     7
6.3558	     7
6.3668	     7
6.3778	     7
6.3888	     7
6.3998	     7
6.4108	     7
6.4218	     7
6.4328	     7
6.4438	     7
6.4548	     7
6.4658	     7
6.4768	     7
6.4878	     7
6.4988	     7
6.5098	     7
6.5208	     7
6.5318	     7
6.5428	     7
6.5538	     7
6.5648	     7
6.5758	     7
6.5868	     7
6.5978	     7
6.6088	     7
6.6198	     7
6.6308	     7
6.6418	     7
6.6528	     6
6.6638	     7
6.6748	     6
6.6858	     7
6.6968	     6
6.7078	     7
6.7188	     7
6.7298	     7
6.7408	     7
6.7518	     7
6.7628	     7
6.7738	     7
6.7848	     7
6.7958	     7
6.8068	     7
6.8178	     7
6.8288	     7
6.8398	     7
6.8508	     7
6.8618	     7
6.8728	     7
6.8838	     7
6.8948	     7
6.9058	     7
6.9168	     6
6.9278	     7
6.9388	     7
6.9498	     7
6.9608	     7
6.9718	     7
6.9828	     7
6.9938	     7
7.0048	     7
7.0158	     7
7.0268	     7
7.0378	     7
7.0488	     7
7.0598	     7
7.0708	     7
7.0818	     7
7.0928	     7
7.1038	     7
7.1148	     7
7.1258	     7
7.1368	     6
7.1478	     7
7.1588	     7
7.1698	     7
7.1808	     6
7.1918	     7
7.2028	     7
7.2138	     7
7.2248	     7
7.2358	     7
7.2468	     7
7.2578	     7
7.2688	     7
7.2798	     7
7.2908	     7
7.3018	     7
7.3128	     7
7.3238	     7
7.3348	     7
7.3458	     7
7.3568	     6
7.3678	     7
7.3788	     7
7.3898	     7
7.4008	     7
7.4118	     7
7.4228	     7
7.4338	     7
7.4448	     7
7.4558	     7
7.4668	     7
7.4778	     7
7.4888	     7
7.4998	     7
7.5108	     7
7.5218	     7
7.5328	     7
7.5438	     7
7.5548	     7
7.5658	     7
7.5768	     7
7.5878	     7
7.5988	     7
7.6098	     7
7.6208	     7
7.6318	     7
7.6428	     7
7.6538	     7
7.6648	     7
7.6758	     7
7.6868	     7
7.6978	     7
7.7088	     7
7.7198	     7
7.7308	     7
7.7418	     7
7.7528	     7
7.7638	     7
7.7748	     7
7.7858	     7
7.7968	     7
7.8078	     7
7.8188	     7
7.8298	     7
7.8408	     7
7.8518	     7
7.8628	     7
7.8738	     7
7.8848	     7
7.8958	     7
7.9068	     7
7.9178	     7
7.9288	     7
7.9398	     7
7.9508	     7
7.9618	     7
7.9728	     7
7.9838	     7
7.9948	     7
8.0058	     7
8.0168	     7
8.0278	     7
8.0388	     7
8.0498	     7
8.0608	     7
8.0718	     7
8.0828	     7
8.0938	     7
8.1048	     7
8.1158	     7
8.1268	     7
8.1378	     7
8.1488	     7
8.1598	     7
8.1708	     7
8.1818	     7
8.1928	     7
8.2038	     7
8.2148	     7
8.2258	     7
8.2368	     7
8.2478	     7
8.2588	     7
8.2698	     7
8.2808	     7
8.2918	     7
8.3028	     7
8.3138	     7
8.3248	     7
8.3358	     7
8.3468	     7
8.3578	     7
8.3688	     7
8.3798	     7
8.3908	     7
8.4018	     7
8.4128	     7
8.4238	     7
8.4348	     7
8.4458	     7
8.4568	     7
8.4678	     7
8.4788	     7
8.4898	     7
8.5008	     7
8.5118	     7
8.5228	     7
8.5338	     7
8.5448	     7
8.5558	     7
8.5668	     7
8.5778	     7
8.5888	     7
8.5998	     7
8.6108	     7
8.6218	     7
8.6328	     7
8.6438	     7
8.6548	     7
8.6658	     7
8.6768	     7
8.6878	     7
8.6988	     7
8.7098	     7
8.7208	     7
8.7318	     7
8.7428	     7
8.7538	     7
8.7648	     7
8.7758	     7
8.7868	     7
8.7978	     7
8.8088	     7
8.8198	     7
8.8308	     7
8.8418	     7
8.8528	     7
8.8638	     7
8.8748	     7
8.8858	     7
8.8968	     7
8.9078	     7
8.9188	     7
8.9298	     7
8.9408	     7
8.9518	     7
8.9628	     7
8.9738	     7
8.9848	     7
8.9958	     8
9.0068	     8
9.0178	     8
9.0288	     8
9.0398	     8
9.0508	     8
9.0618	     8
9.0728	     8
9.0838	     8
9.0948	     8
9.1058	     8
9.1168	     8
9.1278	     8
9.1388	     8
9.1498	     8
9.1608	     8
9.1718	     8
9.1828	     8
9.1938	     8
9.2048	     8
9.2158	     8
9.2268	     8
9.2378	     8
9.2488	     8
9.2598	     8
9.2708	     8
9.2818	     9
9.2928	     8
9.3038	     8
9.3148	     8
9.3258	     8
9.3368	     8
9.3478	     8
9.3588	     8
9.3698	     8
9.3808	     8
9.3918	     8
9.4028	     8
9.4138	     8
9.4248	     8
9.4358	     8
9.4468	     8
9.4578	     8
9.4688	     8
9.4798	     9
9.4908	     8
9.5018	     9
9.5128	     8
9.5238	     9
9.5348	     8
9.5458	     9
9.5568	     9
9.5678	     9
9.5788	     9
9.5898	     9
9.6008	     9
9.6118	     9
9.6228	     9
9.6338	     9
9.6448	     9
9.6558	     9
9.6668	     9
9.6778	     9
9.6888	     9
9.6998	    10
9.7108	    10
9.7218	    10
9.7328	    10
9.7438	    10
9.7548	    10
9.7658	    10
9.7768	     9
9.7878	    10
9.7988	    10
9.8098	    10
9.8208	    10
9.8318	    10
9.8428	    10
9.8538	    10
9.8648	    10
9.8758	    10
9.8868	    10
9.8978	    10
9.9088	    10
9.9198	    10
9.9308	    11
9.9418	    11
9.9528	    11
9.9638	    11
9.9748	    11
9.9858	    12
9.9968	    11
10.0078	    12
10.0188	    12
10.0298	    13
10.0408	    13
10.0518	    14
10.0628	    14
10.0738	    14
10.0848	    15
10.0958	    15
10.1068	    16
10.1178	    17
10.1288	    18
10.1398	    18
10.1508	    19
10.1618	    20
10.1728	    21
10.1838	    22
10.1948	    22
10.2058	    24
10.2168	    24
10.2278	    25
10.2388	    26
10.2498	    27
10.2608	    28
10.2718	    30
10.2828	    31
10.2938	    32
10.3048	    34
10.3158	    35
10.3268	    37
10.3378	    39
10.3488	    41
10.3598	    43
10.3708	    45
10.3818	    46
10.3928	    49
10.4038	    51
10.4148	    53
10.4258	    56
10.4368	    59
10.4478	    63
10.4588	    67
10.4698	    71
10.4808	    75
10.4918	    79
10.5028	    81
10.5138	    86
10.5248	    88
10.5358	    92
10.5468	    94
10.5578	    97
10.5688	    99
10.5798	   103
10.5908	   106
10.6018	   109
10.6128	   113
10.6238	   117
10.6348	   121
10.6458	   124
10.6568	   128
10.6678	   132
10.6788	   137
10.6898	   141
10.7008	   144
10.7118	   147
10.7228	   149
10.7338	   153
10.7448	   153
10.7558	   155
10.7668	   156
10.7778	   157
10.7888	   158
10.7998	   159
10.8108	   158
10.8218	   157
10.8328	   156
10.8438	   155
10.8548	   152
10.8658	   150
10.8768	   148
10.8878	   145
10.8988	   142
10.9098	   139
10.9208	   134
10.9318	   130
10.9428	   125
10.9538	   120
10.9648	   114
10.9758	   110
10.9868	   105
10.9978	   100
11.0088	    95
11.0198	    89
11.0308	    84
11.0418	    77
11.0528	    71
11.0638	    66
11.0748	    61
11.0858	    56
11.0968	    51
11.1078	    47
11.1188	    43
11.1298	    40
11.1408	    36
11.1518	    34
11.1628	    32
11.1738	    30
11.1848	    28
11.1958	    27
11.2068	    25
11.2178	    25
11.2288	    23
11.2398	    22
11.2508	    21
11.2618	    20
11.2728	    19
11.2838	    18
11.2948	    17
11.3058	    16
11.3168	    16
11.3278	    15
11.3388	    15
11.3498	    15
11.3608	    14
11.3718	    14
11.3828	    13
11.3938	    13
11.4048	    12
11.4158	    13
11.4268	    12
11.4378	    12
11.4488	    11
11.4598	    11
11.4708	    11
11.4818	    11
11.4928	    10
11.5038	    10
11.5148	    10
11.5258	    10
11.5368	     9
11.5478	     9
11.5588	     9
11.5698	     9
11.5808	     9
11.5918	     9
11.6028	     9
11.6138	     9
11.6248	     8
11.6358	     8
11.6468	     8
11.6578	     8
11.6688	     8
11.6798	     8
11.6908	     8
11.7018	     8
11.7128	     8
11.7238	     8
11.7348	     8
11.7458	     8
11.7568	     8
11.7678	     8
11.7788	     8
11.7898	     8
11.8008	     8
11.8118	     8
11.8228	     8
11.8338	     8
11.8448	     8
11.8558	     8
11.8668	     8
11.8778	     8
11.8888	     7
11.8998	     8
11.9108	     7
11.9218	     8
11.9328	     7
11.9438	     8
11.9548	     7
11.9658	     8
11.9768	     7
11.9878	     7
11.9988	     8
12.0098	     7
12.0208	     7
12.0318	     7
12.0428	     8
12.0538	     7
12.0648	     7
12.0758	     7
12.0868	     7
12.0978	     7
12.1088	     7
12.1198	     7
12.1308	     7
12.1418	     8
12.1528	     7
12.1638	     8
12.1748	     7
12.1858	     7
12.1968	     7
12.2078	     7
12.2188	     7
12.2298	     7
12.2408	     7
12.2518	     7
12.2628	     7
12.2738	     7
12.2848	     7
12.2958	     7
12.3068	     7
12.3178	     7
12.3288	     7
12.3398	     7
12.3508	     7
12.3618	     7
12.3728	     7
12.3838	     7
12.3948	     7
12.4058	     8
12.4168	     7
12.4278	     8
12.4388	     7
12.4498	     8
12.4608	     7
12.4718	     8
12.4828	     8
12.4938	     7
12.5048	     8
12.5158	     8
12.5268	     8
12.5378	     7
12.5488	     7
12.5598	     8
12.5708	     7
12.5818	     7
12.5928	     7
12.6038	     7
12.6148	     7
12.6258	     7
12.6368	     7
12.6478	     7
12.6588	     7
12.6698	     7
12.6808	     7
12.6918	     7
12.7028	     7
12.7138	     7
12.7248	     7
12.7358	     7
12.7468	     7
12.7578	     7
12.7688	     7
12.7798	     7
12.7908	     7
12.8018	     7
12.8128	     7
12.8238	     7
12.8348	     7
12.8458	     7
12.8568	     7
12.8678	     7
12.8788	     7
12.8898	     7
12.9008	     7
12.9118	     7
12.9228	     7
12.9338	     7
12.9448	     7
12.9558	     7
12.9668	     7
12.9778	     7
12.9888	     7
12.9998	     7
13.0108	     7
13.0218	     7
13.0328	     7
13.0438	     7
13.0548	     7
13.0658	     7
13.0768	     7
13.0878	     7
13.0988	     7
13.1098	     7
13.1208	     6
13.1318	     7
13.1428	     7
13.1538	     7
13.1648	     7
13.1758	     7
13.1868	     7
13.1978	     7
13.2088	     7
13.2198	     7
13.2308	     7
13.2418	     7
13.2528	     7
13.2638	     7
13.2748	     7
13.2858	     7
13.2968	     7
13.3078	     7
13.3188	     7
13.3298	     7
13.3408	     6
13.3518	     7
13.3628	     6
13.3738	     7
13.3848	     6
13.3958	     7
13.4068	     7
13.4178	     7
13.4288	     7
13.4398	     7
13.4508	     7
13.4618	     7
13.4728	     7
13.4838	     7
13.4948	     7
13.5058	     7
13.5168	     6
13.5278	     7
13.5388	     7
13.5498	     7
13.5608	     6
13.5718	     7
13.5828	     6
13.5938	     7
13.6048	     6
13.6158	     7
13.6268	     7
13.6378	     7
13.6488	     7
13.6598	     7
13.6708	     7
13.6818	     7
13.6928	     7
13.7038	     7
13.7148	     7
13.7258	     7
13.7368	     7
13.7478	     7
13.7588	     7
13.7698	     7
13.7808	     6
13.7918	     7
13.8028	     6
13.8138	     7
13.8248	     6
13.8358	     7
13.8468	     6
13.8578	     7
13.8688	     6
13.8798	     7
13.8908	     7
13.9018	     7
13.9128	     7
13.9238	     7
13.9348	     7
13.9458	     6
13.9568	     7
13.9678	     7
13.9788	     7
13.9898	     7
14.0008	     6
14.0118	     7
14.0228	     6
14.0338	     7
14.0448	     6
14.0558	     7
14.0668	     6
14.0778	     7
14.0888	     6
14.0998	     7
14.1108	     7
14.1218	     7
14.1328	     7
14.1438	     7
14.1548	     7
14.1658	     7
14.1768	     7
14.1878	     7
14.1988	     7
14.2098	     7
14.2208	     7
14.2318	     7
14.2428	     7
14.2538	     7
14.2648	     6
14.2758	     7
14.2868	     6
14.2978	     7
14.3088	     6
14.3198	     7
14.3308	     7
14.3418	     7
14.3528	     7
14.3638	     7
14.3748	     7
14.3858	     7
14.3968	     7
14.4078	     7
14.4188	     7
14.4298	     7
14.4408	     7
14.4518	     7
14.4628	     7
14.4738	     7
14.4848	     7
14.4958	     7
14.5068	     6
14.5178	     7
14.5288	     6
14.5398	     7
14.5508	     6
14.5618	     7
14.5728	     6
14.5838	     7
14.5948	     7
14.6058	     7
14.6168	     7
14.6278	     7
14.6388	     7
14.6498	     7
14.6608	     7
14.6718	     7
14.6828	     7
14.6938	     7
14.7048	     7
14.7158	     7
14.7268	     6
14.7378	     7
14.7488	     6
14.7598	     7
14.7708	     6
14.7818	     7
14.7928	     6
14.8038	     7
14.8148	     6
14.8258	     7
14.8368	     6
14.8478	     7
14.8588	     7
14.8698	     7
14.8808	     7
14.8918	     7
14.9028	     7
14.9138	     7
14.9248	     7
14.9358	     7
14.9468	     7
14.9578	     7
14.9688	     6
14.9798	     7
14.9908	     7
15.0018	     7
15.0128	     6
15.0238	     7
15.0348	     7
15.0458	     7
15.0568	     6
15.0678	     7
15.0788	     7
15.0898	     7
15.1008	     7
15.1118	     7
15.1228	     7
15.1338	     7
15.1448	     7
15.1558	     7
15.1668	     7
15.1778	     7
15.1888	     6
15.1998	     7
15.2108	     6
15.2218	     7
15.2328	     6
15.2438	     7
15.2548	     6
15.2658	     7
15.2768	     6
15.2878	     7
15.2988	     6
15.3098	     7
15.3208	     6
15.3318	     7
15.3428	     7
15.3538	     7
15.3648	     7
15.3758	     7
15.3868	     7
15.3978	     7
15.4088	     7
15.4198	     7
15.4308	     7
15.4418	     7
15.4528	     6
15.4638	     7
15.4748	     6
15.4858	     7
15.4968	     6
15.5078	     7
15.5188	     6
15.5298	     7
15.5408	     7
15.5518	     7
15.5628	     7
15.5738	     7
15.5848	     7
15.5958	     7
15.6068	     7
15.6178	     7
15.6288	     7
15.6398	     7
15.6508	     7
15.6618	     7
15.6728	     6
15.6838	     7
15.6948	     6
15.7058	     7
15.7168	     6
15.7278	     7
15.7388	     6
15.7498	     7
15.7608	     6
15.7718	     7
15.7828	     6
15.7938	     7
15.8048	     7
15.8158	     7
15.8268	     7
15.8378	     7
15.8488	     7
15.8598	     7
15.8708	     7
15.8818	     7
15.8928	     6
15.9038	     7
15.9148	     7
15.9258	     7
15.9368	     6
15.9478	     7
15.9588	     6
15.9698	     7
15.9808	     6
15.9918	     7
16.0028	     6
16.0138	     7
16.0248	     6
16.0358	     7
16.0468	     7
16.0578	     7
16.0688	     7
16.0798	     7
16.0908	     7
16.1018	     7
16.1128	     7
16.1238	     7
16.1348	     6
16.1458	     7
16.1568	     6
16.1678	     7
16.1788	     6
16.1898	     7
16.2008	     6
16.2118	     7
16.2228	     6
16.2338	     7
16.2448	     6
16.2558	     7
16.2668	     7
16.2778	     7
16.2888	     6
16.2998	     6
16.3108	     7
16.3218	     7
16.3328	     6
16.3438	     6
16.3548	     7
16.3658	     7
16.3768	     6
16.3878	     7
16.3988	     6
16.4098	     7
16.4208	     6
16.4318	     7
16.4428	     6
16.4538	     7
16.4648	     6
16.4758	     7
16.4868	     6
16.4978	     7
16.5088	     6
16.5198	     7
16.5308	     7
16.5418	     7
16.5528	     7
16.5638	     7
16.5748	     7
16.5858	     7
16.5968	     6
16.6078	     7
16.6188	     6
16.6298	     7
16.6408	     6
16.6518	     7
16.6628	     6
16.6738	     7
16.6848	     6
16.6958	     7
16.7068	     6
16.7178	     7
16.7288	     6
16.7398	     7
16.7508	     6
16.7618	     6
16.7728	     6
16.7838	     6
16.7948	     6
16.8058	     6
16.8168	     7
16.8278	     6
16.8388	     6
16.8498	     7
16.8608	     6
16.8718	     7
16.8828	     6
16.8938	     7
16.9048	     6
16.9158	     7
16.9268	     6
16.9378	     7
16.9488	     6
16.9598	     7
16.9708	     6
16.9818	     7
16.9928	     6
17.0038	     7
17.0148	     7
17.0258	     6
17.0368	     6
17.0478	     6
17.0588	     7
17.0698	     6
17.0808	     6
17.0918	     7
17.1028	     6
17.1138	     7
17.1248	     6
17.1358	     7
17.1468	     6
17.1578	     7
17.1688	     6
17.1798	     7
17.1908	     6
17.2018	     7
17.2128	     6
17.2238	     7
17.2348	     7
17.2458	     7
17.2568	     6
17.2678	     7
17.2788	     7
17.2898	     6
17.3008	     6
17.3118	     6
17.3228	     7
17.3338	     7
17.3448	     6
17.3558	     7
17.3668	     6
17.3778	     7
17.3888	     6
17.3998	     7
17.4108	     6
17.4218	     7
17.4328	     6
17.4438	     7
17.4548	     6
17.4658	     7
17.4768	     6
17.4878	     6
17.4988	     6
17.5098	     6
17.5208	     7
17.5318	     6
17.5428	     6
17.5538	     7
17.5648	     6
17.5758	     7
17.5868	     7
17.5978	     7
17.6088	     6
17.6198	     7
17.6308	     6
17.6418	     7
17.6528	     6
17.6638	     7
17.6748	     6
17.6858	     7
17.6968	     6
17.7078	     7
17.7188	     6
17.7298	     6
17.7408	     6
17.7518	     6
17.7628	     7
17.7738	     6
17.7848	     6
17.7958	     7
17.8068	     6
17.8178	     7
17.8288	     6
17.8398	     7
17.8508	     6
17.8618	     7
17.8728	     6
17.8838	     7
17.8948	     6
17.9058	     7
17.9168	     6
17.9278	     7
17.9388	     6
17.9498	     6
17.9608	     6
17.9718	     7
17.9828	     7
17.9938	     6
18.0048	     6
18.0158	     7
18.0268	     6
18.0378	     7
18.0488	     6
18.0598	     7
18.0708	     6
18.0818	     7
18.0928	     6
18.1038	     7
18.1148	     6
18.1258	     7
18.1368	     6
18.1478	     7
18.1588	     7
18.1698	     7
18.1808	     6
18.1918	     6
18.2028	     7
18.2138	     7
18.2248	     7
18.2358	     7
18.2468	     7
18.2578	     7
18.2688	     6
18.2798	     7
18.2908	     6
18.3018	     7
18.3128	     6
18.3238	     7
18.3348	     6
18.3458	     7
18.3568	     6
18.3678	     7
18.3788	     6
18.3898	     7
18.4008	     6
18.4118	     7
18.4228	     7
18.4338	     7
18.4448	     7
18.4558	     7
18.4668	     7
18.4778	     6
18.4888	     7
18.4998	     7
18.5108	     6
18.5218	     7
18.5328	     6
18.5438	     7
18.5548	     6
18.5658	     7
18.5768	     6
18.5878	     7
18.5988	     6
18.6098	     7
18.6208	     6
18.6318	     7
18.6428	     6
18.6538	     7
18.6648	     6
18.6758	     7
18.6868	     6
18.6978	     6
18.7088	     6
18.7198	     6
18.7308	     7
18.7418	     7
18.7528	     7
18.7638	     7
18.7748	     6
18.7858	     7
18.7968	     6
18.8078	     7
18.8188	     6
18.8298	     7
18.8408	     6
18.8518	     7
18.8628	     6
18.8738	     7
18.8848	     6
18.8958	     7
18.9068	     7
18.9178	     7
18.9288	     6
18.9398	     7
18.9508	     7
18.9618	     6
18.9728	     7
18.9838	     7
18.9948	     6
19.0058	     7
19.0168	     6
19.0278	     7
19.0388	     6
19.0498	     7
19.0608	     6
19.0718	     7
19.0828	     6
19.0938	     7
19.1048	     6
19.1158	     6
19.1268	     6
19.1378	     6
19.1488	     6
19.1598	     6
19.1708	     7
19.1818	     6
19.1928	     7
19.2038	     7
19.2148	     7
19.2258	     7
19.2368	     6
19.2478	     7
19.2588	     6
19.2698	     7
19.2808	     6
19.2918	     7
19.3028	     6
19.3138	     7
19.3248	     6
19.3358	     7
19.3468	     6
19.3578	     7
19.3688	     6
19.3798	     7
19.3908	     7
19.4018	     7
19.4128	     7
19.4238	     7
19.4348	     7
19.4458	     7
19.4568	     6
19.4678	     7
19.4788	     7
19.4898	     7
19.5008	     6
19.5118	     7
19.5228	     6
19.5338	     7
19.5448	     6
19.5558	     7
19.5668	     6
19.5778	     7
19.5888	     6
19.5998	     7
19.6108	     6
19.6218	     6
19.6328	     6
19.6438	     7
19.6548	     7
19.6658	     7
19.6768	     7
19.6878	     6
19.6988	     7
19.7098	     7
19.7208	     6
19.7318	     7
19.7428	     7
19.7538	     7
19.7648	     6
19.7758	     7
19.7868	     6
19.7978	     7
19.8088	     6
19.8198	     7
19.8308	     7
19.8418	     7
19.8528	     6
19.8638	     7
19.8748	     7
19.8858	     7
19.8968	     7
19.9078	     7
19.9188	     7
19.9298	     7
19.9408	     7
19.9518	     7
19.9628	     7
19.9738	     7
19.9848	     6
19.9958	     7
20.0068	     6
20.0178	     7
20.0288	     6
20.0398	     7
20.0508	     6
20.0618	     7
20.0728	     6
20.0838	     7
20.0948	     7
20.1058	     7
20.1168	     6
20.1278	     6
20.1388	     7
20.1498	     7
20.1608	     7
20.1718	     7
20.1828	     7
20.1938	     7
20.2048	     6
20.2158	     7
20.2268	     6
20.2378	     7
20.2488	     6
20.2598	     7
20.2708	     6
20.2818	     7
20.2928	     6
20.3038	     7
20.3148	     7
20.3258	     7
20.3368	     7
20.3478	     7
20.3588	     7
20.3698	     7
20.3808	     7
20.3918	     7
20.4028	     7
20.4138	     7
20.4248	     7
20.4358	     7
20.4468	     7
20.4578	     7
20.4688	     7
20.4798	     7
20.4908	     7
20.5018	     7
20.5128	     7
20.5238	     7
20.5348	     7
20.5458	     7
20.5568	     7
20.5678	     7
20.5788	     7
20.5898	     7
20.6008	     7
20.6118	     7
20.6228	     7
20.6338	     7
20.6448	     7
20.6558	     7
20.6668	     7
20.6778	     7
20.6888	     6
20.6998	     7
20.7108	     7
20.7218	     7
20.7328	     6
20.7438	     7
20.7548	     7
20.7658	     7
20.7768	     7
20.7878	     7
20.7988	     7
20.8098	     7
20.8208	     7
20.8318	     7
20.8428	     7
20.8538	     7
20.8648	     7
20.8758	     7
20.8868	     7
20.8978	     7
20.9088	     6
20.9198	     7
20.9308	     7
20.9418	     7
20.9528	     6
20.9638	     7
20.9748	     6
20.9858	     7
20.9968	     6
21.0078	     7
21.0188	     7
21.0298	     7
21.0408	     7
21.0518	     7
21.0628	     7
21.0738	     7
21.0848	     7
21.0958	     7
21.1068	     7
21.1178	     7
21.1288	     7
21.1398	     7
21.1508	     7
21.1618	     7
21.1728	     7
21.1838	     7
21.1948	     7
21.2058	     7
21.2168	     7
21.2278	     7
21.2388	     7
21.2498	     7
21.2608	     7
21.2718	     7
21.2828	     7
21.2938	     7
21.3048	     7
21.3158	     7
21.3268	     7
21.3378	     7
21.3488	     7
21.3598	     7
21.3708	     7
21.3818	     7
21.3928	     7
21.4038	     7
21.4148	     7
21.4258	     7
21.4368	     7
21.4478	     7
21.4588	     7
21.4698	     7
21.4808	     7
21.4918	     7
21.5028	     7
21.5138	     7
21.5248	     7
21.5358	     7
21.5468	     7
21.5578	     7
21.5688	     7
21.5798	     7
21.5908	     8
21.6018	     7
21.6128	     7
21.6238	     8
21.6348	     8
21.6458	     8
21.6568	     7
21.6678	     8
21.6788	     7
21.6898	     8
21.7008	     7
21.7118	     8
21.7228	     7
21.7338	     8
21.7448	     8
21.7558	     8
21.7668	     8
21.7778	     8
21.7888	     8
21.7998	     8
21.8108	     8
21.8218	     8
21.8328	     8
21.8438	     8
21.8548	     8
21.8658	     8
21.8768	     8
21.8878	     8
21.8988	     8
21.9098	     8
21.9208	     8
21.9318	     8
21.9428	     8
21.9538	     9
21.9648	     8
21.9758	     8
21.9868	     8
21.9978	     8
22.0088	     8
22.0198	     8
22.0308	     8
22.0418	     8
22.0528	     8
22.0638	     8
22.0748	     9
22.0858	     9
22.0968	     8
22.1078	     9
22.1188	     9
22.1298	     9
22.1408	     9
22.1518	     9
22.1628	     9
22.1738	    10
22.1848	     9
22.1958	    10
22.2068	    10
22.2178	    10
22.2288	    10
22.2398	    11
22.2508	    11
22.2618	    11
22.2728	    12
22.2838	    12
22.2948	    13
22.3058	    13
22.3168	    13
22.3278	    14
22.3388	    14
22.3498	    15
22.3608	    14
22.3718	    15
22.3828	    16
22.3938	    17
22.4048	    17
22.4158	    17
22.4268	    18
22.4378	    19
22.4488	    19
22.4598	    20
22.4708	    20
22.4818	    21
22.4928	    22
22.5038	    23
22.5148	    24
22.5258	    25
22.5368	    25
22.5478	    27
22.5588	    28
22.5698	    29
22.5808	    30
22.5918	    31
22.6028	    33
22.6138	    35
22.6248	    37
22.6358	    39
22.6468	    41
22.6578	    43
22.6688	    45
22.6798	    47
22.6908	    49
22.7018	    52
22.7128	    54
22.7238	    56
22.7348	    59
22.7458	    60
22.7568	    62
22.7678	    63
22.7788	    65
22.7898	    66
22.8008	    67
22.8118	    68
22.8228	    69
22.8338	    70
22.8448	    70
22.8558	    71
22.8668	    70
22.8778	    72
22.8888	    71
22.8998	    72
22.9108	    71
22.9218	    72
22.9328	    71
22.9438	    72
22.9548	    71
22.9658	    71
22.9768	    71
22.9878	    69
22.9988	    69
23.0098	    67
23.0208	    67
23.0318	    65
23.0428	    64
23.0538	    63
23.0648	    61
23.0758	    59
23.0868	    56
23.0978	    55
23.1088	    52
23.1198	    51
23.1308	    48
23.1418	    47
23.1528	    44
23.1638	    43
23.1748	    41
23.1858	    39
23.1968	    37
23.2078	    35
23.2188	    34
23.2298	    32
23.2408	    30
23.2518	    29
23.2628	    27
23.2738	    26
23.2848	    24
23.2958	    23
23.3068	    21
23.3178	    21
23.3288	    19
23.3398	    19
23.3508	    18
23.3618	    17
23.3728	    16
23.3838	    16
23.3948	    15
23.4058	    15
23.4168	    14
23.4278	    14
23.4388	    14
23.4498	    13
23.4608	    13
23.4718	    13
23.4828	    13
23.4938	    12
23.5048	    12
23.5158	    12
23.5268	    11
23.5378	    11
23.5488	    11
23.5598	    11
23.5708	    10
23.5818	    11
23.5928	    10
23.6038	    11
23.6148	    10
23.6258	    10
23.6368	    10
23.6478	    10
23.6588	    10
23.6698	    10
23.6808	     9
23.6918	     9
23.7028	     9
23.7138	     9
23.7248	     9
23.7358	     9
23.7468	     9
23.7578	     9
23.7688	     8
23.7798	     9
23.7908	     8
23.8018	     8
23.8128	     8
23.8238	     8
23.8348	     8
23.8458	     8
23.8568	     7
23.8678	     8
23.8788	     7
23.8898	     7
23.9008	     7
23.9118	     7
23.9228	     7
23.9338	     7
23.9448	     7
23.9558	     7
23.9668	     7
23.9778	     7
23.9888	     7
23.9998	     7
24.0108	     7
24.0218	     7
24.0328	     7
24.0438	     7
24.0548	     7
24.0658	     7
24.0768	     7
24.0878	     7
24.0988	     7
24.1098	     7
24.1208	     7
24.1318	     7
24.1428	     7
24.1538	     7
24.1648	     7
24.1758	     7
24.1868	     7
24.1978	     7
24.2088	     7
24.2198	     7
24.2308	     7
24.2418	     7
24.2528	     7
24.2638	     7
24.2748	     7
24.2858	     7
24.2968	     7
24.3078	     7
24.3188	     7
24.3298	     7
24.3408	     7
24.3518	     7
24.3628	     7
24.3738	     7
24.3848	     7
24.3958	     7
24.4068	     7
24.4178	     7
24.4288	     7
24.4398	     7
24.4508	     7
24.4618	     7
24.4728	     7
24.4838	     7
24.4948	     7
24.5058	     7
24.5168	     7
24.5278	     7
24.5388	     7
24.5498	     7
24.5608	     7
24.5718	     7
24.5828	     7
24.5938	     7
24.6048	     7
24.6158	     7
24.6268	     7
24.6378	     7
24.6488	     7
24.6598	     7
24.6708	     7
24.6818	     7
24.6928	     7
24.7038	     7
24.7148	     7
24.7258	     7
24.7368	     7
24.7478	     7
24.7588	     7
24.7698	     7
24.7808	     6
24.7918	     7
24.8028	     7
24.8138	     7
24.8248	     6
24.8358	     7
24.8468	     7
24.8578	     7
24.8688	     7
24.8798	     7
24.8908	     7
24.9018	     7
24.9128	     7
24.9238	     7
24.9348	     7
24.9458	     7
24.9568	     6
24.9678	     7
24.9788	     6
24.9898	     7
25.0008	     6
25.0118	     7
25.0228	     6
25.0338	     7
25.0448	     6
25.0558	     7
25.0668	     7
25.0778	     7
25.0888	     7
25.0998	     7
25.1108	     7
25.1218	     7
25.1328	     7
25.1438	     7
25.1548	     7
25.1658	     7
25.1768	     7
25.1878	     7
25.1988	     7
25.2098	     7
25.2208	     6
25.2318	     7
25.2428	     6
25.2538	     7
25.2648	     6
25.2758	     7
25.2868	     6
25.2978	     7
25.3088	     6
25.3198	     7
25.3308	     7
25.3418	     7
25.3528	     7
25.3638	     7
25.3748	     7
25.3858	     7
25.3968	     6
25.4078	     6
25.4188	     7
25.4298	     7
25.4408	     6
25.4518	     7
25.4628	     6
25.4738	     7
25.4848	     6
25.4958	     7
25.5068	     6
25.5178	     7
25.5288	     6
25.5398	     7
25.5508	     7
25.5618	     7
25.5728	     6
25.5838	     6
25.5948	     6
25.6058	     6
25.6168	     7
25.6278	     6
25.6388	     7
25.6498	     6
25.6608	     6
25.6718	     7
25.6828	     6
25.6938	     7
25.7048	     6
25.7158	     7
25.7268	     6
25.7378	     7
25.7488	     6
25.7598	     7
25.7708	     6
25.7818	     7
25.7928	     6
25.8038	     7
25.8148	     6
25.8258	     7
25.8368	     7
25.8478	     6
25.8588	     7
25.8698	     7
25.8808	     6
25.8918	     7
25.9028	     6
25.9138	     7
25.9248	     6
25.9358	     7
25.9468	     6
25.9578	     7
25.9688	     6
25.9798	     7
25.9908	     6
26.0018	     7
26.0128	     6
26.0238	     6
26.0348	     6
26.0458	     6
26.0568	     6
26.0678	     7
26.0788	     7
26.0898	     6
26.1008	     6
26.1118	     6
26.1228	     7
26.1338	     7
26.1448	     6
26.1558	     7
26.1668	     6
26.1778	     7
26.1888	     6
26.1998	     7
26.2108	     6
26.2218	     7
26.2328	     6
26.2438	     7
26.2548	     6
26.2658	     7
26.2768	     6
26.2878	     6
26.2988	     6
26.3098	     6
26.3208	     6
26.3318	     7
26.3428	     6
26.3538	     6
26.3648	     6
26.3758	     6
26.3868	     6
26.3978	     7
26.4088	     6
26.4198	     7
26.4308	     6
26.4418	     7
26.4528	     6
26.4638	     7
26.4748	     6
26.4858	     7
26.4968	     6
26.5078	     7
26.5188	     6
26.5298	     6
26.5408	     6
26.5518	     6
26.5628	     7
26.5738	     6
26.5848	     6
26.5958	     6
26.6068	     6
26.6178	     7
26.6288	     6
26.6398	     7
26.6508	     6
26.6618	     7
26.6728	     6
26.6838	     7
26.6948	     6
26.7058	     7
26.7168	     6
26.7278	     7
26.7388	     6
26.7498	     7
26.7608	     6
26.7718	     7
26.7828	     7
26.7938	     6
26.8048	     6
26.8158	     6
26.8268	     6
26.8378	     6
26.8488	     6
26.8598	     7
26.8708	     6
26.8818	     7
26.8928	     6
26.9038	     7
26.9148	     6
26.9258	     7
26.9368	     6
26.9478	     7
26.9588	     6
26.9698	     7
26.9808	     6
26.9918	     6
27.0028	     6
27.0138	     6
27.0248	     6
27.0358	     7
27.0468	     6
27.0578	     6
27.0688	     6
27.0798	     7
27.0908	     6
27.1018	     7
27.1128	     6
27.1238	     7
27.1348	     6
27.1458	     7
27.1568	     6
27.1678	     7
27.1788	     6
27.1898	     7
27.2008	     6
27.2118	     7
27.2228	     6
27.2338	     6
27.2448	     6
27.2558	     6
27.2668	     6
27.2778	     6
27.2888	     6
27.2998	     7
27.3108	     7
27.3218	     6
27.3328	     6
27.3438	     7
27.3548	     6
27.3658	     7
27.3768	     6
27.3878	     7
27.3988	     6
27.4098	     7
27.4208	     6
27.4318	     7
27.4428	     6
27.4538	     7
27.4648	     6
27.4758	     6
27.4868	     6
27.4978	     6
27.5088	     6
27.5198	     6
27.5308	     7
27.5418	     6
27.5528	     6
27.5638	     7
27.5748	     6
27.5858	     7
27.5968	     6
27.6078	     7
27.6188	     6
27.6298	     7
27.6408	     6
27.6518	     7
27.6628	     6
27.6738	     7
27.6848	     6
27.6958	     6
27.7068	     6
27.7178	     6
27.7288	     6
27.7398	     7
27.7508	     6
27.7618	     6
27.7728	     6
27.7838	     6
27.7948	     6
27.8058	     7
27.8168	     6
27.8278	     7
27.8388	     6
27.8498	     7
27.8608	     6
27.8718	     7
27.8828	     6
27.8938	     7
27.9048	     6
27.9158	     7
27.9268	     6
27.9378	     7
27.9488	     6
27.9598	     6
27.9708	     6
27.9818	     6
27.9928	     6
28.0038	     6
28.0148	     6
28.0258	     6
28.0368	     6
28.0478	     7
28.0588	     6
28.0698	     7
28.0808	     6
28.0918	     7
28.1028	     6
28.1138	     7
28.1248	     6
28.1358	     7
28.1468	     6
28.1578	     7
28.1688	     6
28.1798	     7
28.1908	     6
28.2018	     6
28.2128	     6
28.2238	     6
28.2348	     6
28.2458	     6
28.2568	     6
28.2678	     7
28.2788	     6
28.2898	     6
28.3008	     6
28.3118	     7
28.3228	     6
28.3338	     7
28.3448	     6
28.3558	     7
28.3668	     6
28.3778	     7
28.3888	     6
28.3998	     7
28.4108	     6
28.4218	     7
28.4328	     6
28.4438	     6
28.4548	     6
28.4658	     6
28.4768	     6
28.4878	     6
28.4988	     6
28.5098	     6
28.5208	     6
28.5318	     7
28.5428	     6
28.5538	     7
28.5648	     6
28.5758	     7
28.5868	     6
28.5978	     7
28.6088	     6
28.6198	     7
28.6308	     6
28.6418	     6
28.6528	     6
28.6638	     6
28.6748	     6
28.6858	     6
28.6968	     6
28.7078	     6
28.7188	     6
28.7298	     6
28.7408	     6
28.7518	     6
28.7628	     6
28.7738	     7
28.7848	     6
28.7958	     7
28.8068	     6
28.8178	     7
28.8288	     6
28.8398	     6
28.8508	     6
28.8618	     7
28.8728	     6
28.8838	     7
28.8948	     6
28.9058	     6
28.9168	     6
28.9278	     6
28.9388	     6
28.9498	     6
28.9608	     6
28.9718	     6
28.9828	     6
28.9938	     6
29.0048	     6
29.0158	     6
29.0268	     6
29.0378	     7
29.0488	     6
29.0598	     7
29.0708	     6
29.0818	     6
29.0928	     6
29.1038	     7
29.1148	     6
29.1258	     6
29.1368	     6
29.1478	     6
29.1588	     6
29.1698	     6
29.1808	     6
29.1918	     6
29.2028	     6
29.2138	     6
29.2248	     6
29.2358	     7
29.2468	     6
29.2578	     6
29.2688	     6
29.2798	     7
29.2908	     6
29.3018	     7
29.3128	     6
29.3238	     7
29.3348	     6
29.3458	     6
29.3568	     6
29.3678	     6
29.3788	     6
29.3898	     6
29.4008	     6
29.4118	     6
29.4228	     6
29.4338	     6
29.4448	     6
29.4558	     6
29.4668	     6
29.4778	     7
29.4888	     6
29.4998	     7
29.5108	     6
29.5218	     7
29.5328	     6
29.5438	     7
29.5548	     6
29.5658	     7
29.5768	     6
29.5878	     7
29.5988	     6
29.6098	     6
29.6208	     6
29.6318	     6
29.6428	     6
29.6538	     6
29.6648	     6
29.6758	     6
29.6868	     6
29.6978	     6
29.7088	     6
29.7198	     6
29.7308	     6
29.7418	     7
29.7528	     6
29.7638	     7
29.7748	     6
29.7858	     7
29.7968	     6
29.8078	     7
29.8188	     6
29.8298	     6
29.8408	     6
29.8518	     6
29.8628	     6
29.8738	     6
29.8848	     6
29.8958	     6
29.9068	     7
29.9178	     6
29.9288	     6
29.9398	     6
29.9508	     6
29.9618	     6
29.9728	     6
29.9838	     7
29.9948	     6
