position , intensity
-12.9998 , 9
-12.9888 , 8
-12.9778 , 8
-12.9668 , 8
-12.9558 , 8
-12.9448 , 8
-12.9338 , 8
-12.9228 , 8
-12.9118 , 8
-12.9008 , 8
-12.8898 , 8
-12.8788 , 8
-12.8678 , 8
-12.8568 , 8
-12.8458 , 8
-12.8348 , 8
-12.8238 , 8
-12.8128 , 8
-12.8018 , 8
-12.7908 , 8
-12.7798 , 8
-12.7688 , 8
-12.7578 , 8
-12.7468 , 8
-12.7358 , 8
-12.7248 , 8
-12.7138 , 8
-12.7028 , 8
-12.6918 , 8
-12.6808 , 8
-12.6698 , 8
-12.6588 , 8
-12.6478 , 8
-12.6368 , 8
-12.6258 , 8
-12.6148 , 8
-12.6038 , 8
-12.5928 , 8
-12.5818 , 8
-12.5708 , 8
-12.5598 , 8
-12.5488 , 8
-12.5378 , 8
-12.5268 , 8
-12.5158 , 8
-12.5048 , 8
-12.4938 , 8
-12.4828 , 8
-12.4718 , 8
-12.4608 , 8
-12.4498 , 8
-12.4388 , 8
-12.4278 , 8
-12.4168 , 8
-12.4058 , 8
-12.3948 , 8
-12.3838 , 8
-12.3728 , 7
-12.3618 , 8
-12.3508 , 7
-12.3398 , 8
-12.3288 , 7
-12.3178 , 8
-12.3068 , 8
-12.2958 , 8
-12.2848 , 8
-12.2738 , 8
-12.2628 , 8
-12.2518 , 7
-12.2408 , 7
-12.2298 , 7
-12.2188 , 8
-12.2078 , 7
-12.1968 , 8
-12.1858 , 7
-12.1748 , 7
-12.1638 , 7
-12.1528 , 7
-12.1418 , 8
-12.1308 , 7
-12.1198 , 8
-12.1088 , 7
-12.0978 , 8
-12.0868 , 7
-12.0758 , 7
-12.0648 , 7
-12.0538 , 7
-12.0428 , 7
-12.0318 , 7
-12.0208 , 7
-12.0098 , 7
-11.9988 , 7
-11.9878 , 7
-11.9768 , 7
-11.9658 , 7
-11.9548 , 7
-11.9438 , 7
-11.9328 , 7
-11.9218 , 7
-11.9108 , 7
-11.8998 , 7
-11.8888 , 7
-11.8778 , 7
-11.8668 , 7
-11.8558 , 7
-11.8448 , 7
-11.8338 , 7
-11.8228 , 7
-11.8118 , 7
-11.8008 , 7
-11.7898 , 7
-11.7788 , 7
-11.7678 , 7
-11.7568 , 7
-11.7458 , 7
-11.7348 , 7
-11.7238 , 7
-11.7128 , 7
-11.7018 , 7
-11.6908 , 7
-11.6798 , 7
-11.6688 , 7
-11.6578 , 7
-11.6468 , 7
-11.6358 , 7
-11.6248 , 7
-11.6138 , 7
-11.6028 , 7
-11.5918 , 7
-11.5808 , 7
-11.5698 , 7
-11.5588 , 7
-11.5478 , 7
-11.5368 , 7
-11.5258 , 7
-11.5148 , 7
-11.5038 , 7
-11.4928 , 7
-11.4818 , 7
-11.4708 , 7
-11.4598 , 7
-11.4488 , 7
-11.4378 , 7
-11.4268 , 7
-11.4158 , 7
-11.4048 , 7
-11.3938 , 7
-11.3828 , 7
-11.3718 , 7
-11.3608 , 7
-11.3498 , 7
-11.3388 , 7
-11.3278 , 7
-11.3168 , 7
-11.3058 , 7
-11.2948 , 7
-11.2838 , 7
-11.2728 , 7
-11.2618 , 7
-11.2508 , 7
-11.2398 , 7
-11.2288 , 7
-11.2178 , 7
-11.2068 , 7
-11.1958 , 7
-11.1848 , 7
-11.1738 , 7
-11.1628 , 7
-11.1518 , 7
-11.1408 , 7
-11.1298 , 7
-11.1188 , 7
-11.1078 , 7
-11.0968 , 7
-11.0858 , 7
-11.0748 , 7
-11.0638 , 7
-11.0528 , 7
-11.0418 , 7
-11.0308 , 7
-11.0198 , 7
-11.0088 , 7
-10.9978 , 7
-10.9868 , 7
-10.9758 , 7
-10.9648 , 6
-10.9538 , 7
-10.9428 , 7
-10.9318 , 7
-10.9208 , 6
-10.9098 , 7
-10.8988 , 7
-10.8878 , 7
-10.8768 , 7
-10.8658 , 7
-10.8548 , 7
-10.8438 , 7
-10.8328 , 7
-10.8218 , 7
-10.8108 , 7
-10.7998 , 7
-10.7888 , 7
-10.7778 , 7
-10.7668 , 7
-10.7558 , 7
-10.7448 , 7
-10.7338 , 7
-10.7228 , 7
-10.7118 , 7
-10.7008 , 7
-10.6898 , 7
-10.6788 , 7
-10.6678 , 7
-10.6568 , 7
-10.6458 , 7
-10.6348 , 7
-10.6238 , 7
-10.6128 , 7
-10.6018 , 7
-10.5908 , 7
-10.5798 , 7
-10.5688 , 7
-10.5578 , 7
-10.5468 , 7
-10.5358 , 7
-10.5248 , 7
-10.5138 , 7
-10.5028 , 7
-10.4918 , 7
-10.4808 , 7
-10.4698 , 7
-10.4588 , 7
-10.4478 , 7
-10.4368 , 7
-10.4258 , 7
-10.4148 , 7
-10.4038 , 7
-10.3928 , 7
-10.3818 , 7
-10.3708 , 7
-10.3598 , 7
-10.3488 , 7
-10.3378 , 7
-10.3268 , 7
-10.3158 , 7
-10.3048 , 7
-10.2938 , 7
-10.2828 , 7
-10.2718 , 7
-10.2608 , 7
-10.2498 , 8
-10.2388 , 7
-10.2278 , 7
-10.2168 , 7
-10.2058 , 8
-10.1948 , 7
-10.1838 , 8
-10.1728 , 7
-10.1618 , 8
-10.1508 , 8
-10.1398 , 7
-10.1288 , 8
-10.1178 , 8
-10.1068 , 8
-10.0958 , 8
-10.0848 , 8
-10.0738 , 8
-10.0628 , 8
-10.0518 , 8
-10.0408 , 8
-10.0298 , 8
-10.0188 , 8
-10.0078 , 8
-9.9968  , 8
-9.9858  , 8
-9.9748  , 8
-9.9638  , 8
-9.9528  , 8
-9.9418  , 8
-9.9308  , 8
-9.9198  , 8
-9.9088  , 8
-9.8978  , 8
-9.8868  , 8
-9.8758  , 8
-9.8648  , 8
-9.8538  , 8
-9.8428  , 8
-9.8318  , 8
-9.8208  , 8
-9.8098  , 9
-9.7988  , 8
-9.7878  , 9
-9.7768  , 8
-9.7658  , 9
-9.7548  , 8
-9.7438  , 9
-9.7328  , 8
-9.7218  , 9
-9.7108  , 9
-9.6998  , 9
-9.6888  , 9
-9.6778  , 9
-9.6668  , 9
-9.6558  , 9
-9.6448  , 9
-9.6338  , 9
-9.6228  , 9
-9.6118  , 9
-9.6008  , 9
-9.5898  , 9
-9.5788  , 9
-9.5678  , 9
-9.5568  , 9
-9.5458  , 10
-9.5348  , 9
-9.5238  , 10
-9.5128  , 9
-9.5018  , 10
-9.4908  , 9
-9.4798  , 10
-9.4688  , 9
-9.4578  , 10
-9.4468  , 10
-9.4358  , 10
-9.4248  , 10
-9.4138  , 10
-9.4028  , 10
-9.3918  , 10
-9.3808  , 10
-9.3698  , 10
-9.3588  , 10
-9.3478  , 10
-9.3368  , 10
-9.3258  , 10
-9.3148  , 10
-9.3038  , 11
-9.2928  , 10
-9.2818  , 11
-9.2708  , 10
-9.2598  , 11
-9.2488  , 10
-9.2378  , 11
-9.2268  , 11
-9.2158  , 11
-9.2048  , 11
-9.1938  , 11
-9.1828  , 11
-9.1718  , 11
-9.1608  , 11
-9.1498  , 11
-9.1388  , 11
-9.1278  , 11
-9.1168  , 11
-9.1058  , 11
-9.0948  , 11
-9.0838  , 11
-9.0728  , 11
-9.0618  , 11
-9.0508  , 11
-9.0398  , 11
-9.0288  , 11
-9.0178  , 11
-9.0068  , 11
-8.9958  , 11
-8.9848  , 11
-8.9738  , 11
-8.9628  , 11
-8.9518  , 11
-8.9408  , 11
-8.9298  , 11
-8.9188  , 11
-8.9078  , 11
-8.8968  , 11
-8.8858  , 11
-8.8748  , 11
-8.8638  , 12
-8.8528  , 11
-8.8418  , 12
-8.8308  , 11
-8.8198  , 12
-8.8088  , 11
-8.7978  , 12
-8.7868  , 12
-8.7758  , 12
-8.7648  , 12
-8.7538  , 12
-8.7428  , 12
-8.7318  , 12
-8.7208  , 12
-8.7098  , 12
-8.6988  , 12
-8.6878  , 12
-8.6768  , 12
-8.6658  , 12
-8.6548  , 12
-8.6438  , 12
-8.6328  , 12
-8.6218  , 12
-8.6108  , 12
-8.5998  , 12
-8.5888  , 12
-8.5778  , 12
-8.5668  , 12
-8.5558  , 13
-8.5448  , 12
-8.5338  , 13
-8.5228  , 12
-8.5118  , 12
-8.5008  , 12
-8.4898  , 13
-8.4788  , 13
-8.4678  , 12
-8.4568  , 12
-8.4458  , 13
-8.4348  , 13
-8.4238  , 13
-8.4128  , 13
-8.4018  , 13
-8.3908  , 13
-8.3798  , 13
-8.3688  , 13
-8.3578  , 13
-8.3468  , 13
-8.3358  , 13
-8.3248  , 13
-8.3138  , 13
-8.3028  , 13
-8.2918  , 13
-8.2808  , 13
-8.2698  , 13
-8.2588  , 13
-8.2478  , 13
-8.2368  , 13
-8.2258  , 13
-8.2148  , 13
-8.2038  , 13
-8.1928  , 13
-8.1818  , 13
-8.1708  , 13
-8.1598  , 13
-8.1488  , 13
-8.1378  , 13
-8.1268  , 13
-8.1158  , 14
-8.1048  , 13
-8.0938  , 14
-8.0828  , 13
-8.0718  , 13
-8.0608  , 13
-8.0498  , 14
-8.0388  , 13
-8.0278  , 14
-8.0168  , 13
-8.0058  , 13
-7.9948  , 14
-7.9838  , 13
-7.9728  , 13
-7.9618  , 13
-7.9508  , 13
-7.9398  , 13
-7.9288  , 13
-7.9178  , 13
-7.9068  , 13
-7.8958  , 14
-7.8848  , 13
-7.8738  , 14
-7.8628  , 13
-7.8518  , 14
-7.8408  , 13
-7.8298  , 14
-7.8188  , 13
-7.8078  , 13
-7.7968  , 13
-7.7858  , 13
-7.7748  , 14
-7.7638  , 13
-7.7528  , 13
-7.7418  , 13
-7.7308  , 14
-7.7198  , 13
-7.7088  , 13
-7.6978  , 13
-7.6868  , 13
-7.6758  , 13
-7.6648  , 13
-7.6538  , 14
-7.6428  , 13
-7.6318  , 14
-7.6208  , 13
-7.6098  , 14
-7.5988  , 13
-7.5878  , 13
-7.5768  , 13
-7.5658  , 13
-7.5548  , 13
-7.5438  , 13
-7.5328  , 13
-7.5218  , 13
-7.5108  , 13
-7.4998  , 13
-7.4888  , 13
-7.4778  , 13
-7.4668  , 13
-7.4558  , 13
-7.4448  , 13
-7.4338  , 13
-7.4228  , 13
-7.4118  , 13
-7.4008  , 13
-7.3898  , 13
-7.3788  , 13
-7.3678  , 13
-7.3568  , 13
-7.3458  , 13
-7.3348  , 13
-7.3238  , 13
-7.3128  , 13
-7.3018  , 13
-7.2908  , 13
-7.2798  , 13
-7.2688  , 13
-7.2578  , 13
-7.2468  , 13
-7.2358  , 13
-7.2248  , 13
-7.2138  , 13
-7.2028  , 13
-7.1918  , 13
-7.1808  , 12
-7.1698  , 13
-7.1588  , 12
-7.1478  , 13
-7.1368  , 12
-7.1258  , 13
-7.1148  , 12
-7.1038  , 13
-7.0928  , 12
-7.0818  , 12
-7.0708  , 12
-7.0598  , 12
-7.0488  , 12
-7.0378  , 12
-7.0268  , 12
-7.0158  , 12
-7.0048  , 12
-6.9938  , 12
-6.9828  , 12
-6.9718  , 12
-6.9608  , 12
-6.9498  , 12
-6.9388  , 12
-6.9278  , 12
-6.9168  , 11
-6.9058  , 12
-6.8948  , 11
-6.8838  , 12
-6.8728  , 11
-6.8618  , 11
-6.8508  , 11
-6.8398  , 11
-6.8288  , 11
-6.8178  , 11
-6.8068  , 11
-6.7958  , 11
-6.7848  , 11
-6.7738  , 11
-6.7628  , 11
-6.7518  , 11
-6.7408  , 11
-6.7298  , 11
-6.7188  , 10
-6.7078  , 11
-6.6968  , 10
-6.6858  , 11
-6.6748  , 10
-6.6638  , 11
-6.6528  , 10
-6.6418  , 11
-6.6308  , 11
-6.6198  , 11
-6.6088  , 10
-6.5978  , 10
-6.5868  , 11
-6.5758  , 10
-6.5648  , 10
-6.5538  , 10
-6.5428  , 10
-6.5318  , 10
-6.5208  , 10
-6.5098  , 10
-6.4988  , 10
-6.4878  , 10
-6.4768  , 10
-6.4658  , 10
-6.4548  , 10
-6.4438  , 10
-6.4328  , 9
-6.4218  , 10
-6.4108  , 10
-6.3998  , 10
-6.3888  , 9
-6.3778  , 10
-6.3668  , 10
-6.3558  , 9
-6.3448  , 9
-6.3338  , 9
-6.3228  , 9
-6.3118  , 9
-6.3008  , 9
-6.2898  , 9
-6.2788  , 9
-6.2678  , 9
-6.2568  , 9
-6.2458  , 9
-6.2348  , 9
-6.2238  , 9
-6.2128  , 9
-6.2018  , 9
-6.1908  , 9
-6.1798  , 9
-6.1688  , 9
-6.1578  , 9
-6.1468  , 9
-6.1358  , 9
-6.1248  , 9
-6.1138  , 9
-6.1028  , 9
-6.0918  , 8
-6.0808  , 8
-6.0698  , 8
-6.0588  , 8
-6.0478  , 8
-6.0368  , 8
-6.0258  , 8
-6.0148  , 8
-6.0038  , 8
-5.9928  , 8
-5.9818  , 8
-5.9708  , 8
-5.9598  , 8
-5.9488  , 8
-5.9378  , 8
-5.9268  , 8
-5.9158  , 8
-5.9048  , 8
-5.8938  , 8
-5.8828  , 8
-5.8718  , 7
-5.8608  , 8
-5.8498  , 8
-5.8388  , 8
-5.8278  , 7
-5.8168  , 7
-5.8058  , 7
-5.7948  , 7
-5.7838  , 8
-5.7728  , 7
-5.7618  , 8
-5.7508  , 7
-5.7398  , 8
-5.7288  , 7
-5.7178  , 8
-5.7068  , 7
-5.6958  , 8
-5.6848  , 7
-5.6738  , 7
-5.6628  , 7
-5.6518  , 7
-5.6408  , 7
-5.6298  , 7
-5.6188  , 7
-5.6078  , 7
-5.5968  , 7
-5.5858  , 7
-5.5748  , 7
-5.5638  , 7
-5.5528  , 7
-5.5418  , 7
-5.5308  , 7
-5.5198  , 7
-5.5088  , 7
-5.4978  , 8
-5.4868  , 7
-5.4758  , 8
-5.4648  , 7
-5.4538  , 8
-5.4428  , 7
-5.4318  , 8
-5.4208  , 7
-5.4098  , 8
-5.3988  , 8
-5.3878  , 8
-5.3768  , 8
-5.3658  , 7
-5.3548  , 8
-5.3438  , 8
-5.3328  , 8
-5.3218  , 8
-5.3108  , 8
-5.2998  , 8
-5.2888  , 7
-5.2778  , 8
-5.2668  , 8
-5.2558  , 8
-5.2448  , 8
-5.2338  , 8
-5.2228  , 8
-5.2118  , 8
-5.2008  , 8
-5.1898  , 8
-5.1788  , 8
-5.1678  , 8
-5.1568  , 8
-5.1458  , 8
-5.1348  , 9
-5.1238  , 8
-5.1128  , 9
-5.1018  , 9
-5.0908  , 9
-5.0798  , 9
-5.0688  , 9
-5.0578  , 9
-5.0468  , 9
-5.0358  , 9
-5.0248  , 9
-5.0138  , 9
-5.0028  , 9
-4.9918  , 10
-4.9808  , 9
-4.9698  , 9
-4.9588  , 10
-4.9478  , 10
-4.9368  , 10
-4.9258  , 10
-4.9148  , 10
-4.9038  , 10
-4.8928  , 10
-4.8818  , 10
-4.8708  , 10
-4.8598  , 11
-4.8488  , 10
-4.8378  , 11
-4.8268  , 11
-4.8158  , 11
-4.8048  , 11
-4.7938  , 12
-4.7828  , 11
-4.7718  , 12
-4.7608  , 12
-4.7498  , 12
-4.7388  , 12
-4.7278  , 12
-4.7168  , 12
-4.7058  , 13
-4.6948  , 13
-4.6838  , 13
-4.6728  , 13
-4.6618  , 13
-4.6508  , 14
-4.6398  , 14
-4.6288  , 14
-4.6178  , 14
-4.6068  , 14
-4.5958  , 15
-4.5848  , 14
-4.5738  , 15
-4.5628  , 15
-4.5518  , 16
-4.5408  , 15
-4.5298  , 16
-4.5188  , 16
-4.5078  , 17
-4.4968  , 17
-4.4858  , 17
-4.4748  , 17
-4.4638  , 17
-4.4528  , 18
-4.4418  , 18
-4.4308  , 18
-4.4198  , 18
-4.4088  , 19
-4.3978  , 19
-4.3868  , 19
-4.3758  , 19
-4.3648  , 19
-4.3538  , 20
-4.3428  , 20
-4.3318  , 21
-4.3208  , 21
-4.3098  , 21
-4.2988  , 21
-4.2878  , 22
-4.2768  , 22
-4.2658  , 22
-4.2548  , 22
-4.2438  , 23
-4.2328  , 23
-4.2218  , 23
-4.2108  , 24
-4.1998  , 24
-4.1888  , 24
-4.1778  , 24
-4.1668  , 24
-4.1558  , 25
-4.1448  , 25
-4.1338  , 25
-4.1228  , 25
-4.1118  , 26
-4.1008  , 25
-4.0898  , 26
-4.0788  , 26
-4.0678  , 27
-4.0568  , 26
-4.0458  , 27
-4.0348  , 27
-4.0238  , 28
-4.0128  , 28
-4.0018  , 28
-3.9908  , 29
-3.9798  , 29
-3.9688  , 29
-3.9578  , 30
-3.9468  , 30
-3.9358  , 30
-3.9248  , 31
-3.9138  , 31
-3.9028  , 31
-3.8918  , 32
-3.8808  , 32
-3.8698  , 33
-3.8588  , 33
-3.8478  , 33
-3.8368  , 33
-3.8258  , 34
-3.8148  , 34
-3.8038  , 35
-3.7928  , 35
-3.7818  , 35
-3.7708  , 36
-3.7598  , 37
-3.7488  , 37
-3.7378  , 37
-3.7268  , 38
-3.7158  , 38
-3.7048  , 38
-3.6938  , 39
-3.6828  , 39
-3.6718  , 40
-3.6608  , 40
-3.6498  , 41
-3.6388  , 41
-3.6278  , 42
-3.6168  , 41
-3.6058  , 42
-3.5948  , 43
-3.5838  , 43
-3.5728  , 43
-3.5618  , 44
-3.5508  , 45
-3.5398  , 45
-3.5288  , 45
-3.5178  , 46
-3.5068  , 46
-3.4958  , 47
-3.4848  , 47
-3.4738  , 48
-3.4628  , 49
-3.4518  , 49
-3.4408  , 50
-3.4298  , 50
-3.4188  , 50
-3.4078  , 51
-3.3968  , 51
-3.3858  , 52
-3.3748  , 52
-3.3638  , 53
-3.3528  , 53
-3.3418  , 54
-3.3308  , 55
-3.3198  , 55
-3.3088  , 55
-3.2978  , 56
-3.2868  , 57
-3.2758  , 57
-3.2648  , 58
-3.2538  , 58
-3.2428  , 59
-3.2318  , 59
-3.2208  , 60
-3.2098  , 60
-3.1988  , 61
-3.1878  , 61
-3.1768  , 62
-3.1658  , 63
-3.1548  , 63
-3.1438  , 64
-3.1328  , 65
-3.1218  , 65
-3.1108  , 65
-3.0998  , 66
-3.0888  , 67
-3.0778  , 67
-3.0668  , 67
-3.0558  , 68
-3.0448  , 69
-3.0338  , 69
-3.0228  , 70
-3.0118  , 70
-3.0008  , 71
-2.9898  , 70
-2.9788  , 71
-2.9678  , 72
-2.9568  , 72
-2.9458  , 73
-2.9348  , 73
-2.9238  , 74
-2.9128  , 73
-2.9018  , 74
-2.8908  , 74
-2.8798  , 74
-2.8688  , 74
-2.8578  , 75
-2.8468  , 75
-2.8358  , 76
-2.8248  , 77
-2.8138  , 77
-2.8028  , 77
-2.7918  , 78
-2.7808  , 78
-2.7698  , 79
-2.7588  , 79
-2.7478  , 80
-2.7368  , 80
-2.7258  , 81
-2.7148  , 81
-2.7038  , 82
-2.6928  , 82
-2.6818  , 83
-2.6708  , 83
-2.6598  , 83
-2.6488  , 84
-2.6378  , 85
-2.6268  , 85
-2.6158  , 86
-2.6048  , 87
-2.5938  , 87
-2.5828  , 88
-2.5718  , 88
-2.5608  , 89
-2.5498  , 89
-2.5388  , 90
-2.5278  , 90
-2.5168  , 91
-2.5058  , 92
-2.4948  , 92
-2.4838  , 93
-2.4728  , 93
-2.4618  , 94
-2.4508  , 94
-2.4398  , 96
-2.4288  , 95
-2.4178  , 96
-2.4068  , 96
-2.3958  , 97
-2.3848  , 98
-2.3738  , 98
-2.3628  , 99
-2.3518  , 99
-2.3408  , 100
-2.3298  , 101
-2.3188  , 102
-2.3078  , 102
-2.2968  , 103
-2.2858  , 103
-2.2748  , 104
-2.2638  , 105
-2.2528  , 105
-2.2418  , 106
-2.2308  , 107
-2.2198  , 109
-2.2088  , 109
-2.1978  , 111
-2.1868  , 111
-2.1758  , 112
-2.1648  , 113
-2.1538  , 113
-2.1428  , 114
-2.1318  , 114
-2.1208  , 115
-2.1098  , 115
-2.0988  , 117
-2.0878  , 118
-2.0768  , 118
-2.0658  , 119
-2.0548  , 119
-2.0438  , 120
-2.0328  , 121
-2.0218  , 123
-2.0108  , 123
-1.9998  , 123
-1.9888  , 124
-1.9778  , 125
-1.9668  , 126
-1.9558  , 126
-1.9448  , 127
-1.9338  , 129
-1.9228  , 128
-1.9118  , 130
-1.9008  , 130
-1.8898  , 132
-1.8788  , 131
-1.8678  , 133
-1.8568  , 133
-1.8458  , 133
-1.8348  , 134
-1.8238  , 134
-1.8128  , 135
-1.8018  , 135
-1.7908  , 135
-1.7798  , 137
-1.7688  , 138
-1.7578  , 138
-1.7468  , 138
-1.7358  , 139
-1.7248  , 139
-1.7138  , 141
-1.7028  , 140
-1.6918  , 141
-1.6808  , 141
-1.6698  , 141
-1.6588  , 141
-1.6478  , 142
-1.6368  , 142
-1.6258  , 142
-1.6148  , 142
-1.6038  , 143
-1.5928  , 144
-1.5818  , 143
-1.5708  , 144
-1.5598  , 144
-1.5488  , 146
-1.5378  , 145
-1.5268  , 147
-1.5158  , 147
-1.5048  , 147
-1.4938  , 149
-1.4828  , 148
-1.4718  , 149
-1.4608  , 148
-1.4498  , 150
-1.4388  , 150
-1.4278  , 151
-1.4168  , 151
-1.4058  , 151
-1.3948  , 152
-1.3838  , 152
-1.3728  , 153
-1.3618  , 154
-1.3508  , 154
-1.3398  , 154
-1.3288  , 155
-1.3178  , 155
-1.3068  , 156
-1.2958  , 156
-1.2848  , 157
-1.2738  , 157
-1.2628  , 157
-1.2518  , 158
-1.2408  , 158
-1.2298  , 159
-1.2188  , 159
-1.2078  , 161
-1.1968  , 161
-1.1858  , 161
-1.1748  , 161
-1.1638  , 163
-1.1528  , 163
-1.1418  , 163
-1.1308  , 164
-1.1198  , 165
-1.1088  , 164
-1.0978  , 166
-1.0868  , 165
-1.0758  , 166
-1.0648  , 166
-1.0538  , 167
-1.0428  , 168
-1.0318  , 167
-1.0208  , 169
-1.0098  , 169
-0.9988  , 169
-0.9878  , 171
-0.9768  , 170
-0.9658  , 171
-0.9548  , 171
-0.9438  , 171
-0.9328  , 173
-0.9218  , 172
-0.9108  , 174
-0.8998  , 174
-0.8888  , 175
-0.8778  , 175
-0.8668  , 176
-0.8558  , 176
-0.8448  , 175
-0.8338  , 177
-0.8228  , 176
-0.8118  , 177
-0.8008  , 177
-0.7898  , 177
-0.7788  , 179
-0.7678  , 179
-0.7568  , 179
-0.7458  , 179
-0.7348  , 179
-0.7238  , 180
-0.7128  , 180
-0.7018  , 180
-0.6908  , 181
-0.6798  , 182
-0.6688  , 181
-0.6578  , 181
-0.6468  , 183
-0.6358  , 182
-0.6248  , 183
-0.6138  , 182
-0.6028  , 181
-0.5918  , 183
-0.5808  , 183
-0.5698  , 183
-0.5588  , 184
-0.5478  , 184
-0.5368  , 184
-0.5258  , 185
-0.5148  , 185
-0.5038  , 185
-0.4928  , 185
-0.4818  , 185
-0.4708  , 187
-0.4598  , 187
-0.4488  , 186
-0.4378  , 187
-0.4268  , 186
-0.4158  , 186
-0.4048  , 187
-0.3938  , 188
-0.3828  , 188
-0.3718  , 186
-0.3608  , 188
-0.3498  , 187
-0.3388  , 188
-0.3278  , 188
-0.3168  , 188
-0.3058  , 189
-0.2948  , 188
-0.2838  , 188
-0.2728  , 188
-0.2618  , 189
-0.2508  , 189
-0.2398  , 189
-0.2288  , 190
-0.2178  , 188
-0.2068  , 190
-0.1958  , 191
-0.1848  , 191
-0.1738  , 190
-0.1628  , 190
-0.1518  , 191
-0.1408  , 191
-0.1298  , 191
-0.1188  , 190
-0.1078  , 191
-0.0968  , 190
-0.0858  , 193
-0.0748  , 190
-0.0638  , 192
-0.0528  , 192
-0.0418  , 191
-0.0308  , 190
-0.0198  , 190
-0.0088  , 194
0.0022   , 190
0.0132   , 192
0.0242   , 191
0.0352   , 193
0.0462   , 191
0.0572   , 192
0.0682   , 191
0.0792   , 191
0.0902   , 191
0.1012   , 191
0.1122   , 192
0.1232   , 192
0.1342   , 191
0.1452   , 192
0.1562   , 192
0.1672   , 191
0.1782   , 192
0.1892   , 190
0.2002   , 194
0.2112   , 191
0.2222   , 191
0.2332   , 190
0.2442   , 191
0.2552   , 191
0.2662   , 191
0.2772   , 190
0.2882   , 191
0.2992   , 190
0.3102   , 191
0.3212   , 191
0.3322   , 190
0.3432   , 190
0.3542   , 190
0.3652   , 190
0.3762   , 189
0.3872   , 189
0.3982   , 189
0.4092   , 190
0.4202   , 192
0.4312   , 188
0.4422   , 188
0.4532   , 189
0.4642   , 189
0.4752   , 187
0.4862   , 187
0.4972   , 188
0.5082   , 188
0.5192   , 186
0.5302   , 186
0.5412   , 186
0.5522   , 186
0.5632   , 185
0.5742   , 185
0.5852   , 185
0.5962   , 185
0.6072   , 184
0.6182   , 185
0.6292   , 183
0.6402   , 184
0.6512   , 184
0.6622   , 183
0.6732   , 183
0.6842   , 183
0.6952   , 182
0.7062   , 183
0.7172   , 182
0.7282   , 183
0.7392   , 184
0.7502   , 182
0.7612   , 183
0.7722   , 181
0.7832   , 181
0.7942   , 182
0.8052   , 181
0.8162   , 181
0.8272   , 181
0.8382   , 181
0.8492   , 180
0.8602   , 180
0.8712   , 180
0.8822   , 179
0.8932   , 179
0.9042   , 178
0.9152   , 177
0.9262   , 178
0.9372   , 178
0.9482   , 177
0.9592   , 177
0.9702   , 176
0.9812   , 176
0.9922   , 175
1.0032   , 176
1.0142   , 175
1.0252   , 176
1.0362   , 173
1.0472   , 173
1.0582   , 172
1.0692   , 172
1.0802   , 173
1.0912   , 172
1.1022   , 172
1.1132   , 172
1.1242   , 171
1.1352   , 170
1.1462   , 170
1.1572   , 170
1.1682   , 170
1.1792   , 171
1.1902   , 169
1.2012   , 169
1.2122   , 170
1.2232   , 168
1.2342   , 167
1.2452   , 167
1.2562   , 166
1.2672   , 166
1.2782   , 166
1.2892   , 166
1.3002   , 164
1.3112   , 164
1.3222   , 165
1.3332   , 163
1.3442   , 163
1.3552   , 163
1.3662   , 162
1.3772   , 160
1.3882   , 162
1.3992   , 159
1.4102   , 160
1.4212   , 158
1.4322   , 159
1.4432   , 157
1.4542   , 157
1.4652   , 157
1.4762   , 157
1.4872   , 155
1.4982   , 154
1.5092   , 154
1.5202   , 153
1.5312   , 153
1.5422   , 153
1.5532   , 151
1.5642   , 151
1.5752   , 151
1.5862   , 149
1.5972   , 148
1.6082   , 148
1.6192   , 147
1.6302   , 147
1.6412   , 147
1.6522   , 147
1.6632   , 145
1.6742   , 146
1.6852   , 143
1.6962   , 143
1.7072   , 143
1.7182   , 142
1.7292   , 142
1.7402   , 142
1.7512   , 140
1.7622   , 141
1.7732   , 139
1.7842   , 139
1.7952   , 139
1.8062   , 138
1.8172   , 136
1.8282   , 137
1.8392   , 135
1.8502   , 135
1.8612   , 135
1.8722   , 135
1.8832   , 134
1.8942   , 133
1.9052   , 132
1.9162   , 132
1.9272   , 132
1.9382   , 130
1.9492   , 129
1.9602   , 130
1.9712   , 129
1.9822   , 129
1.9932   , 129
2.0042   , 128
2.0152   , 127
2.0262   , 127
2.0372   , 127
2.0482   , 127
2.0592   , 126
2.0702   , 125
2.0812   , 125
2.0922   , 125
2.1032   , 124
2.1142   , 124
2.1252   , 124
2.1362   , 123
2.1472   , 122
2.1582   , 121
2.1692   , 120
2.1802   , 121
2.1912   , 120
2.2022   , 118
2.2132   , 120
2.2242   , 118
2.2352   , 117
2.2462   , 117
2.2572   , 117
2.2682   , 117
2.2792   , 114
2.2902   , 114
2.3012   , 114
2.3122   , 114
2.3232   , 113
2.3342   , 113
2.3452   , 111
2.3562   , 111
2.3672   , 111
2.3782   , 111
2.3892   , 110
2.4002   , 110
2.4112   , 108
2.4222   , 108
2.4332   , 107
2.4442   , 107
2.4552   , 106
2.4662   , 106
2.4772   , 104
2.4882   , 105
2.4992   , 104
2.5102   , 104
2.5212   , 102
2.5322   , 102
2.5432   , 101
2.5542   , 100
2.5652   , 99
2.5762   , 99
2.5872   , 98
2.5982   , 98
2.6092   , 97
2.6202   , 96
2.6312   , 94
2.6422   , 95
2.6532   , 93
2.6642   , 93
2.6752   , 93
2.6862   , 92
2.6972   , 91
2.7082   , 90
2.7192   , 89
2.7302   , 88
2.7412   , 87
2.7522   , 87
2.7632   , 86
2.7742   , 85
2.7852   , 85
2.7962   , 84
2.8072   , 83
2.8182   , 82
2.8292   , 81
2.8402   , 81
2.8512   , 80
2.8622   , 80
2.8732   , 79
2.8842   , 78
2.8952   , 77
2.9062   , 76
2.9172   , 76
2.9282   , 75
2.9392   , 74
2.9502   , 74
2.9612   , 73
2.9722   , 73
2.9832   , 72
2.9942   , 72
3.0052   , 70
3.0162   , 70
3.0272   , 70
3.0382   , 70
3.0492   , 69
3.0602   , 68
3.0712   , 68
3.0822   , 67
3.0932   , 66
3.1042   , 67
3.1152   , 66
3.1262   , 65
3.1372   , 65
3.1482   , 64
3.1592   , 64
3.1702   , 63
3.1812   , 63
3.1922   , 63
3.2032   , 62
3.2142   , 62
3.2252   , 62
3.2362   , 61
3.2472   , 60
3.2582   , 61
3.2692   , 60
3.2802   , 60
3.2912   , 60
3.3022   , 59
3.3132   , 58
3.3242   , 59
3.3352   , 58
3.3462   , 57
3.3572   , 57
3.3682   , 56
3.3792   , 56
3.3902   , 55
3.4012   , 55
3.4122   , 55
3.4232   , 55
3.4342   , 54
3.4452   , 53
3.4562   , 54
3.4672   , 53
3.4782   , 53
3.4892   , 52
3.5002   , 52
3.5112   , 51
3.5222   , 51
3.5332   , 50
3.5442   , 50
3.5552   , 49
3.5662   , 49
3.5772   , 49
3.5882   , 48
3.5992   , 48
3.6102   , 47
3.6212   , 47
3.6322   , 46
3.6432   , 46
3.6542   , 46
3.6652   , 45
3.6762   , 45
3.6872   , 44
3.6982   , 44
3.7092   , 44
3.7202   , 44
3.7312   , 42
3.7422   , 43
3.7532   , 42
3.7642   , 42
3.7752   , 41
3.7862   , 40
3.7972   , 40
3.8082   , 39
3.8192   , 39
3.8302   , 38
3.8412   , 38
3.8522   , 37
3.8632   , 37
3.8742   , 36
3.8852   , 36
3.8962   , 35
3.9072   , 35
3.9182   , 35
3.9292   , 34
3.9402   , 34
3.9512   , 33
3.9622   , 33
3.9732   , 32
3.9842   , 32
3.9952   , 31
4.0062   , 31
4.0172   , 30
4.0282   , 30
4.0392   , 29
4.0502   , 29
4.0612   , 28
4.0722   , 28
4.0832   , 27
4.0942   , 27
4.1052   , 27
4.1162   , 27
4.1272   , 26
4.1382   , 26
4.1492   , 25
4.1602   , 25
4.1712   , 25
4.1822   , 25
4.1932   , 24
4.2042   , 24
4.2152   , 23
4.2262   , 23
4.2372   , 23
4.2482   , 23
4.2592   , 22
4.2702   , 22
4.2812   , 21
4.2922   , 21
4.3032   , 21
4.3142   , 21
4.3252   , 20
4.3362   , 20
4.3472   , 20
4.3582   , 20
4.3692   , 19
4.3802   , 19
4.3912   , 19
4.4022   , 19
4.4132   , 19
4.4242   , 19
4.4352   , 18
4.4462   , 18
4.4572   , 18
4.4682   , 18
4.4792   , 18
4.4902   , 18
4.5012   , 17
4.5122   , 17
4.5232   , 17
4.5342   , 17
4.5452   , 17
4.5562   , 17
4.5672   , 17
4.5782   , 16
4.5892   , 16
4.6002   , 16
4.6112   , 15
4.6222   , 16
4.6332   , 15
4.6442   , 15
4.6552   , 15
4.6662   , 15
4.6772   , 14
4.6882   , 14
4.6992   , 14
4.7102   , 14
4.7212   , 14
4.7322   , 14
4.7432   , 13
4.7542   , 13
4.7652   , 13
4.7762   , 13
4.7872   , 13
4.7982   , 13
4.8092   , 13
4.8202   , 12
4.8312   , 12
4.8422   , 12
4.8532   , 12
4.8642   , 12
4.8752   , 11
4.8862   , 12
4.8972   , 11
4.9082   , 11
4.9192   , 11
4.9302   , 11
4.9412   , 11
4.9522   , 11
4.9632   , 10
4.9742   , 11
4.9852   , 10
4.9962   , 10
5.0072   , 10
5.0182   , 10
5.0292   , 10
5.0402   , 10
5.0512   , 10
5.0622   , 10
5.0732   , 10
5.0842   , 10
5.0952   , 9
5.1062   , 9
5.1172   , 9
5.1282   , 9
5.1392   , 9
5.1502   , 9
5.1612   , 8
5.1722   , 9
5.1832   , 8
5.1942   , 9
5.2052   , 8
5.2162   , 8
5.2272   , 8
5.2382   , 8
5.2492   , 8
5.2602   , 8
5.2712   , 8
5.2822   , 8
5.2932   , 8
5.3042   , 8
5.3152   , 8
5.3262   , 8
5.3372   , 8
5.3482   , 8
5.3592   , 7
5.3702   , 8
5.3812   , 7
5.3922   , 8
5.4032   , 7
5.4142   , 8
5.4252   , 7
5.4362   , 7
5.4472   , 7
5.4582   , 7
5.4692   , 7
5.4802   , 7
5.4912   , 7
5.5022   , 7
5.5132   , 7
5.5242   , 7
5.5352   , 7
5.5462   , 7
5.5572   , 7
5.5682   , 7
5.5792   , 7
5.5902   , 7
5.6012   , 7
5.6122   , 7
5.6232   , 7
5.6342   , 7
5.6452   , 7
5.6562   , 7
5.6672   , 7
5.6782   , 7
5.6892   , 7
5.7002   , 7
5.7112   , 7
5.7222   , 7
5.7332   , 7
5.7442   , 7
5.7552   , 7
5.7662   , 7
5.7772   , 7
5.7882   , 7
5.7992   , 7
5.8102   , 7
5.8212   , 7
5.8322   , 8
5.8432   , 7
5.8542   , 8
5.8652   , 7
5.8762   , 8
5.8872   , 7
5.8982   , 8
5.9092   , 7
5.9202   , 8
5.9312   , 7
5.9422   , 8
5.9532   , 8
5.9642   , 7
5.9752   , 8
5.9862   , 8
5.9972   , 8
6.0082   , 8
6.0192   , 8
6.0302   , 8
6.0412   , 8
6.0522   , 8
6.0632   , 8
6.0742   , 8
6.0852   , 8
6.0962   , 8
6.1072   , 8
6.1182   , 8
6.1292   , 8
6.1402   , 8
6.1512   , 8
6.1622   , 8
6.1732   , 8
6.1842   , 8
6.1952   , 8
6.2062   , 9
6.2172   , 9
6.2282   , 9
6.2392   , 9
6.2502   , 9
6.2612   , 9
6.2722   , 9
6.2832   , 9
6.2942   , 9
6.3052   , 9
6.3162   , 9
6.3272   , 9
6.3382   , 9
6.3492   , 9
6.3602   , 9
6.3712   , 9
6.3822   , 10
6.3932   , 9
6.4042   , 10
6.4152   , 9
6.4262   , 10
6.4372   , 10
6.4482   , 10
6.4592   , 10
6.4702   , 10
6.4812   , 10
6.4922   , 10
6.5032   , 10
6.5142   , 10
6.5252   , 10
6.5362   , 10
6.5472   , 10
6.5582   , 11
6.5692   , 10
6.5802   , 11
6.5912   , 10
6.6022   , 11
6.6132   , 11
6.6242   , 11
6.6352   , 11
6.6462   , 11
6.6572   , 11
6.6682   , 11
6.6792   , 11
6.6902   , 11
6.7012   , 11
6.7122   , 11
6.7232   , 11
6.7342   , 11
6.7452   , 11
6.7562   , 11
6.7672   , 11
6.7782   , 12
6.7892   , 11
6.8002   , 12
6.8112   , 11
6.8222   , 12
6.8332   , 12
6.8442   , 12
6.8552   , 12
6.8662   , 12
6.8772   , 12
6.8882   , 12
6.8992   , 12
6.9102   , 12
6.9212   , 12
6.9322   , 12
6.9432   , 12
6.9542   , 12
6.9652   , 12
6.9762   , 12
6.9872   , 12
6.9982   , 12
7.0092   , 12
7.0202   , 12
7.0312   , 12
7.0422   , 12
7.0532   , 12
7.0642   , 12
7.0752   , 12
7.0862   , 13
7.0972   , 12
7.1082   , 13
7.1192   , 12
7.1302   , 12
7.1412   , 13
7.1522   , 13
7.1632   , 13
7.1742   , 13
7.1852   , 13
7.1962   , 13
7.2072   , 13
7.2182   , 13
7.2292   , 13
7.2402   , 13
7.2512   , 13
7.2622   , 13
7.2732   , 13
7.2842   , 13
7.2952   , 13
7.3062   , 13
7.3172   , 13
7.3282   , 13
7.3392   , 13
7.3502   , 13
7.3612   , 13
7.3722   , 13
7.3832   , 13
7.3942   , 13
7.4052   , 13
7.4162   , 13
7.4272   , 13
7.4382   , 13
7.4492   , 13
7.4602   , 13
7.4712   , 13
7.4822   , 13
7.4932   , 13
7.5042   , 14
7.5152   , 13
7.5262   , 14
7.5372   , 13
7.5482   , 14
7.5592   , 13
7.5702   , 14
7.5812   , 14
7.5922   , 14
7.6032   , 14
7.6142   , 14
7.6252   , 14
7.6362   , 14
7.6472   , 14
7.6582   , 14
7.6692   , 14
7.6802   , 14
7.6912   , 14
7.7022   , 14
7.7132   , 14
7.7242   , 14
7.7352   , 14
7.7462   , 14
7.7572   , 13
7.7682   , 14
7.7792   , 13
7.7902   , 14
7.8012   , 14
7.8122   , 14
7.8232   , 14
7.8342   , 14
7.8452   , 14
7.8562   , 14
7.8672   , 14
7.8782   , 14
7.8892   , 14
7.9002   , 14
7.9112   , 14
7.9222   , 14
7.9332   , 14
7.9442   , 14
7.9552   , 14
7.9662   , 14
7.9772   , 14
7.9882   , 14
7.9992   , 13
8.0102   , 14
8.0212   , 13
8.0322   , 14
8.0432   , 13
8.0542   , 14
8.0652   , 14
8.0762   , 14
8.0872   , 13
8.0982   , 14
8.1092   , 14
8.1202   , 14
8.1312   , 14
8.1422   , 13
8.1532   , 14
8.1642   , 14
8.1752   , 13
8.1862   , 14
8.1972   , 13
8.2082   , 14
8.2192   , 13
8.2302   , 14
8.2412   , 13
8.2522   , 14
8.2632   , 13
8.2742   , 14
8.2852   , 13
8.2962   , 13
8.3072   , 13
8.3182   , 13
8.3292   , 13
8.3402   , 13
8.3512   , 13
8.3622   , 13
8.3732   , 13
8.3842   , 13
8.3952   , 13
8.4062   , 13
8.4172   , 13
8.4282   , 13
8.4392   , 13
8.4502   , 13
8.4612   , 13
8.4722   , 13
8.4832   , 13
8.4942   , 13
8.5052   , 13
8.5162   , 13
8.5272   , 13
8.5382   , 13
8.5492   , 13
8.5602   , 13
8.5712   , 13
8.5822   , 13
8.5932   , 13
8.6042   , 13
8.6152   , 13
8.6262   , 13
8.6372   , 13
8.6482   , 13
8.6592   , 12
8.6702   , 13
8.6812   , 12
8.6922   , 13
8.7032   , 12
8.7142   , 13
8.7252   , 12
8.7362   , 13
8.7472   , 12
8.7582   , 12
8.7692   , 12
8.7802   , 12
8.7912   , 12
8.8022   , 12
8.8132   , 12
8.8242   , 12
8.8352   , 12
8.8462   , 12
8.8572   , 12
8.8682   , 12
8.8792   , 12
8.8902   , 12
8.9012   , 12
8.9122   , 12
8.9232   , 11
8.9342   , 12
8.9452   , 11
8.9562   , 12
8.9672   , 11
8.9782   , 12
8.9892   , 11
9.0002   , 11
9.0112   , 11
9.0222   , 11
9.0332   , 11
9.0442   , 11
9.0552   , 11
9.0662   , 11
9.0772   , 11
9.0882   , 11
9.0992   , 11
9.1102   , 11
9.1212   , 11
9.1322   , 11
9.1432   , 10
9.1542   , 11
9.1652   , 11
9.1762   , 11
9.1872   , 10
9.1982   , 11
9.2092   , 10
9.2202   , 11
9.2312   , 10
9.2422   , 11
9.2532   , 10
9.2642   , 10
9.2752   , 10
9.2862   , 10
9.2972   , 10
9.3082   , 10
9.3192   , 10
9.3302   , 10
9.3412   , 10
9.3522   , 10
9.3632   , 10
9.3742   , 10
9.3852   , 10
9.3962   , 10
9.4072   , 9
9.4182   , 10
9.4292   , 10
9.4402   , 10
9.4512   , 10
9.4622   , 10
9.4732   , 10
9.4842   , 10
9.4952   , 10
9.5062   , 10
9.5172   , 10
9.5282   , 9
9.5392   , 9
9.5502   , 9
9.5612   , 9
9.5722   , 9
9.5832   , 9
9.5942   , 9
9.6052   , 9
9.6162   , 9
9.6272   , 9
9.6382   , 9
9.6492   , 9
9.6602   , 10
9.6712   , 9
9.6822   , 9
9.6932   , 9
9.7042   , 9
9.7152   , 9
9.7262   , 9
9.7372   , 9
9.7482   , 9
9.7592   , 9
9.7702   , 9
9.7812   , 9
9.7922   , 9
9.8032   , 9
9.8142   , 9
9.8252   , 9
9.8362   , 9
9.8472   , 8
9.8582   , 9
9.8692   , 8
9.8802   , 9
9.8912   , 8
9.9022   , 9
9.9132   , 8
9.9242   , 9
9.9352   , 8
9.9462   , 8
9.9572   , 8
9.9682   , 8
9.9792   , 8
9.9902   , 8
10.0012  , 8
10.0122  , 8
10.0232  , 8
10.0342  , 8
10.0452  , 8
10.0562  , 8
10.0672  , 8
10.0782  , 8
10.0892  , 8
10.1002  , 8
10.1112  , 7
10.1222  , 8
10.1332  , 7
10.1442  , 8
10.1552  , 7
10.1662  , 8
10.1772  , 7
10.1882  , 8
10.1992  , 7
10.2102  , 7
10.2212  , 7
10.2322  , 7
10.2432  , 7
10.2542  , 7
10.2652  , 7
10.2762  , 7
10.2872  , 7
10.2982  , 7
10.3092  , 7
10.3202  , 7
10.3312  , 7
10.3422  , 7
10.3532  , 7
10.3642  , 7
10.3752  , 7
10.3862  , 7
10.3972  , 7
10.4082  , 7
10.4192  , 7
10.4302  , 7
10.4412  , 7
10.4522  , 7
10.4632  , 7
10.4742  , 7
10.4852  , 7
10.4962  , 7
10.5072  , 7
10.5182  , 7
10.5292  , 7
10.5402  , 7
10.5512  , 7
10.5622  , 7
10.5732  , 7
10.5842  , 7
10.5952  , 7
10.6062  , 7
10.6172  , 7
10.6282  , 7
10.6392  , 7
10.6502  , 7
10.6612  , 7
10.6722  , 7
10.6832  , 7
10.6942  , 7
10.7052  , 7
10.7162  , 7
10.7272  , 7
10.7382  , 7
10.7492  , 7
10.7602  , 7
10.7712  , 7
10.7822  , 7
10.7932  , 7
10.8042  , 7
10.8152  , 6
10.8262  , 7
10.8372  , 7
10.8482  , 7
10.8592  , 6
10.8702  , 7
10.8812  , 7
10.8922  , 7
10.9032  , 7
10.9142  , 7
10.9252  , 7
10.9362  , 7
10.9472  , 7
10.9582  , 7
10.9692  , 7
10.9802  , 7
10.9912  , 7
11.0022  , 7
11.0132  , 7
11.0242  , 7
11.0352  , 7
11.0462  , 7
11.0572  , 7
11.0682  , 7
11.0792  , 6
11.0902  , 7
11.1012  , 7
11.1122  , 7
11.1232  , 7
11.1342  , 7
11.1452  , 7
11.1562  , 7
11.1672  , 7
11.1782  , 7
11.1892  , 7
11.2002  , 7
11.2112  , 7
11.2222  , 7
11.2332  , 7
11.2442  , 7
11.2552  , 7
11.2662  , 7
11.2772  , 7
11.2882  , 7
11.2992  , 7
11.3102  , 7
11.3212  , 7
11.3322  , 7
11.3432  , 7
11.3542  , 7
11.3652  , 7
11.3762  , 7
11.3872  , 7
11.3982  , 7
11.4092  , 7
11.4202  , 7
11.4312  , 7
11.4422  , 7
11.4532  , 7
11.4642  , 7
11.4752  , 7
11.4862  , 7
11.4972  , 7
11.5082  , 7
11.5192  , 7
11.5302  , 7
11.5412  , 7
11.5522  , 7
11.5632  , 7
11.5742  , 7
11.5852  , 7
11.5962  , 7
11.6072  , 7
11.6182  , 7
11.6292  , 7
11.6402  , 7
11.6512  , 7
11.6622  , 7
11.6732  , 7
11.6842  , 7
11.6952  , 7
11.7062  , 7
11.7172  , 7
11.7282  , 7
11.7392  , 7
11.7502  , 7
11.7612  , 7
11.7722  , 7
11.7832  , 7
11.7942  , 7
11.8052  , 7
11.8162  , 7
11.8272  , 7
11.8382  , 7
11.8492  , 7
11.8602  , 7
11.8712  , 7
11.8822  , 7
11.8932  , 7
11.9042  , 7
11.9152  , 7
11.9262  , 7
11.9372  , 7
11.9482  , 7
11.9592  , 7
11.9702  , 7
11.9812  , 7
11.9922  , 7
12.0032  , 7
12.0142  , 8
12.0252  , 7
12.0362  , 7
12.0472  , 7
12.0582  , 7
12.0692  , 7
12.0802  , 7
12.0912  , 7
12.1022  , 7
12.1132  , 7
12.1242  , 7
12.1352  , 7
12.1462  , 7
12.1572  , 7
12.1682  , 7
12.1792  , 7
12.1902  , 7
12.2012  , 7
12.2122  , 8
12.2232  , 7
12.2342  , 8
12.2452  , 7
12.2562  , 8
12.2672  , 7
12.2782  , 8
12.2892  , 7
12.3002  , 8
12.3112  , 7
12.3222  , 8
12.3332  , 8
12.3442  , 8
12.3552  , 8
12.3662  , 8
12.3772  , 8
12.3882  , 7
12.3992  , 8
12.4102  , 7
12.4212  , 8
12.4322  , 8
12.4432  , 8
12.4542  , 8
12.4652  , 8
12.4762  , 8
12.4872  , 7
12.4982  , 8
12.5092  , 8
12.5202  , 8
12.5312  , 8
12.5422  , 8
12.5532  , 8
12.5642  , 8
12.5752  , 8
12.5862  , 8
12.5972  , 8
12.6082  , 8
12.6192  , 8
12.6302  , 8
12.6412  , 8
12.6522  , 8
12.6632  , 8
12.6742  , 8
12.6852  , 8
12.6962  , 8
12.7072  , 8
12.7182  , 8
12.7292  , 8
12.7402  , 8
12.7512  , 8
12.7622  , 8
12.7732  , 8
12.7842  , 8
12.7952  , 8
12.8062  , 8
12.8172  , 8
12.8282  , 8
12.8392  , 8
12.8502  , 8
12.8612  , 8
12.8722  , 8
12.8832  , 8
12.8942  , 8
12.9052  , 8
12.9162  , 8
12.9272  , 8
12.9382  , 8
12.9492  , 8
12.9602  , 8
12.9712  , 8
12.9822  , 8
12.9932  , 8

