position , intensity
-12.9998 , 7
-12.9888 , 7
-12.9778 , 7
-12.9668 , 7
-12.9558 , 7
-12.9448 , 7
-12.9338 , 6
-12.9228 , 7
-12.9118 , 7
-12.9008 , 7
-12.8898 , 7
-12.8788 , 6
-12.8678 , 7
-12.8568 , 7
-12.8458 , 7
-12.8348 , 6
-12.8238 , 7
-12.8128 , 6
-12.8018 , 7
-12.7908 , 6
-12.7798 , 7
-12.7688 , 6
-12.7578 , 7
-12.7468 , 6
-12.7358 , 7
-12.7248 , 7
-12.7138 , 7
-12.7028 , 7
-12.6918 , 7
-12.6808 , 7
-12.6698 , 7
-12.6588 , 7
-12.6478 , 7
-12.6368 , 7
-12.6258 , 7
-12.6148 , 6
-12.6038 , 7
-12.5928 , 6
-12.5818 , 7
-12.5708 , 6
-12.5598 , 7
-12.5488 , 6
-12.5378 , 7
-12.5268 , 6
-12.5158 , 7
-12.5048 , 7
-12.4938 , 7
-12.4828 , 7
-12.4718 , 6
-12.4608 , 7
-12.4498 , 6
-12.4388 , 6
-12.4278 , 7
-12.4168 , 6
-12.4058 , 7
-12.3948 , 6
-12.3838 , 7
-12.3728 , 6
-12.3618 , 7
-12.3508 , 6
-12.3398 , 7
-12.3288 , 6
-12.3178 , 7
-12.3068 , 6
-12.2958 , 7
-12.2848 , 6
-12.2738 , 7
-12.2628 , 6
-12.2518 , 6
-12.2408 , 7
-12.2298 , 6
-12.2188 , 6
-12.2078 , 6
-12.1968 , 7
-12.1858 , 7
-12.1748 , 6
-12.1638 , 7
-12.1528 , 7
-12.1418 , 7
-12.1308 , 6
-12.1198 , 7
-12.1088 , 6
-12.0978 , 7
-12.0868 , 9
-12.0758 , 7
-12.0648 , 6
-12.0538 , 7
-12.0428 , 6
-12.0318 , 7
-12.0208 , 7
-12.0098 , 7
-11.9988 , 6
-11.9878 , 7
-11.9768 , 7
-11.9658 , 7
-11.9548 , 7
-11.9438 , 7
-11.9328 , 7
-11.9218 , 7
-11.9108 , 6
-11.8998 , 7
-11.8888 , 6
-11.8778 , 7
-11.8668 , 6
-11.8558 , 7
-11.8448 , 7
-11.8338 , 7
-11.8228 , 6
-11.8118 , 7
-11.8008 , 7
-11.7898 , 7
-11.7788 , 7
-11.7678 , 7
-11.7568 , 7
-11.7458 , 7
-11.7348 , 7
-11.7238 , 7
-11.7128 , 7
-11.7018 , 7
-11.6908 , 7
-11.6798 , 7
-11.6688 , 7
-11.6578 , 7
-11.6468 , 7
-11.6358 , 7
-11.6248 , 7
-11.6138 , 7
-11.6028 , 7
-11.5918 , 7
-11.5808 , 7
-11.5698 , 7
-11.5588 , 7
-11.5478 , 7
-11.5368 , 7
-11.5258 , 7
-11.5148 , 7
-11.5038 , 7
-11.4928 , 7
-11.4818 , 7
-11.4708 , 7
-11.4598 , 7
-11.4488 , 7
-11.4378 , 7
-11.4268 , 7
-11.4158 , 7
-11.4048 , 7
-11.3938 , 7
-11.3828 , 7
-11.3718 , 7
-11.3608 , 7
-11.3498 , 7
-11.3388 , 7
-11.3278 , 7
-11.3168 , 7
-11.3058 , 7
-11.2948 , 7
-11.2838 , 7
-11.2728 , 8
-11.2618 , 7
-11.2508 , 7
-11.2398 , 7
-11.2288 , 7
-11.2178 , 7
-11.2068 , 7
-11.1958 , 8
-11.1848 , 7
-11.1738 , 8
-11.1628 , 7
-11.1518 , 8
-11.1408 , 7
-11.1298 , 8
-11.1188 , 7
-11.1078 , 8
-11.0968 , 7
-11.0858 , 8
-11.0748 , 8
-11.0638 , 8
-11.0528 , 8
-11.0418 , 8
-11.0308 , 8
-11.0198 , 8
-11.0088 , 8
-10.9978 , 8
-10.9868 , 8
-10.9758 , 8
-10.9648 , 8
-10.9538 , 8
-10.9428 , 8
-10.9318 , 8
-10.9208 , 8
-10.9098 , 8
-10.8988 , 8
-10.8878 , 8
-10.8768 , 8
-10.8658 , 8
-10.8548 , 8
-10.8438 , 8
-10.8328 , 8
-10.8218 , 8
-10.8108 , 8
-10.7998 , 8
-10.7888 , 8
-10.7778 , 8
-10.7668 , 8
-10.7558 , 8
-10.7448 , 8
-10.7338 , 8
-10.7228 , 8
-10.7118 , 8
-10.7008 , 8
-10.6898 , 8
-10.6788 , 8
-10.6678 , 8
-10.6568 , 8
-10.6458 , 8
-10.6348 , 8
-10.6238 , 8
-10.6128 , 8
-10.6018 , 8
-10.5908 , 8
-10.5798 , 8
-10.5688 , 8
-10.5578 , 8
-10.5468 , 8
-10.5358 , 8
-10.5248 , 8
-10.5138 , 8
-10.5028 , 8
-10.4918 , 8
-10.4808 , 8
-10.4698 , 8
-10.4588 , 8
-10.4478 , 8
-10.4368 , 8
-10.4258 , 8
-10.4148 , 8
-10.4038 , 8
-10.3928 , 8
-10.3818 , 8
-10.3708 , 8
-10.3598 , 8
-10.3488 , 8
-10.3378 , 8
-10.3268 , 8
-10.3158 , 8
-10.3048 , 8
-10.2938 , 8
-10.2828 , 8
-10.2718 , 8
-10.2608 , 8
-10.2498 , 8
-10.2388 , 7
-10.2278 , 8
-10.2168 , 8
-10.2058 , 8
-10.1948 , 8
-10.1838 , 8
-10.1728 , 8
-10.1618 , 8
-10.1508 , 8
-10.1398 , 8
-10.1288 , 8
-10.1178 , 8
-10.1068 , 8
-10.0958 , 7
-10.0848 , 8
-10.0738 , 8
-10.0628 , 8
-10.0518 , 8
-10.0408 , 7
-10.0298 , 8
-10.0188 , 7
-10.0078 , 8
-9.9968  , 7
-9.9858  , 8
-9.9748  , 7
-9.9638  , 8
-9.9528  , 7
-9.9418  , 8
-9.9308  , 7
-9.9198  , 7
-9.9088  , 7
-9.8978  , 7
-9.8868  , 7
-9.8758  , 7
-9.8648  , 7
-9.8538  , 7
-9.8428  , 7
-9.8318  , 7
-9.8208  , 7
-9.8098  , 7
-9.7988  , 7
-9.7878  , 7
-9.7768  , 7
-9.7658  , 7
-9.7548  , 7
-9.7438  , 7
-9.7328  , 7
-9.7218  , 7
-9.7108  , 7
-9.6998  , 7
-9.6888  , 7
-9.6778  , 7
-9.6668  , 7
-9.6558  , 7
-9.6448  , 7
-9.6338  , 7
-9.6228  , 7
-9.6118  , 7
-9.6008  , 7
-9.5898  , 7
-9.5788  , 6
-9.5678  , 7
-9.5568  , 7
-9.5458  , 7
-9.5348  , 6
-9.5238  , 7
-9.5128  , 6
-9.5018  , 7
-9.4908  , 6
-9.4798  , 7
-9.4688  , 7
-9.4578  , 7
-9.4468  , 6
-9.4358  , 7
-9.4248  , 7
-9.4138  , 7
-9.4028  , 7
-9.3918  , 6
-9.3808  , 7
-9.3698  , 6
-9.3588  , 7
-9.3478  , 7
-9.3368  , 6
-9.3258  , 7
-9.3148  , 6
-9.3038  , 7
-9.2928  , 6
-9.2818  , 7
-9.2708  , 6
-9.2598  , 7
-9.2488  , 6
-9.2378  , 7
-9.2268  , 6
-9.2158  , 7
-9.2048  , 7
-9.1938  , 7
-9.1828  , 7
-9.1718  , 6
-9.1608  , 7
-9.1498  , 6
-9.1388  , 7
-9.1278  , 7
-9.1168  , 7
-9.1058  , 7
-9.0948  , 6
-9.0838  , 7
-9.0728  , 7
-9.0618  , 7
-9.0508  , 6
-9.0398  , 7
-9.0288  , 6
-9.0178  , 7
-9.0068  , 6
-8.9958  , 7
-8.9848  , 7
-8.9738  , 7
-8.9628  , 6
-8.9518  , 7
-8.9408  , 7
-8.9298  , 7
-8.9188  , 7
-8.9078  , 7
-8.8968  , 7
-8.8858  , 7
-8.8748  , 7
-8.8638  , 7
-8.8528  , 7
-8.8418  , 7
-8.8308  , 7
-8.8198  , 7
-8.8088  , 7
-8.7978  , 7
-8.7868  , 7
-8.7758  , 7
-8.7648  , 7
-8.7538  , 7
-8.7428  , 7
-8.7318  , 7
-8.7208  , 7
-8.7098  , 7
-8.6988  , 7
-8.6878  , 7
-8.6768  , 7
-8.6658  , 7
-8.6548  , 7
-8.6438  , 7
-8.6328  , 7
-8.6218  , 7
-8.6108  , 7
-8.5998  , 7
-8.5888  , 7
-8.5778  , 8
-8.5668  , 7
-8.5558  , 8
-8.5448  , 7
-8.5338  , 7
-8.5228  , 7
-8.5118  , 7
-8.5008  , 7
-8.4898  , 7
-8.4788  , 8
-8.4678  , 8
-8.4568  , 8
-8.4458  , 8
-8.4348  , 8
-8.4238  , 8
-8.4128  , 8
-8.4018  , 8
-8.3908  , 8
-8.3798  , 8
-8.3688  , 8
-8.3578  , 8
-8.3468  , 8
-8.3358  , 8
-8.3248  , 8
-8.3138  , 9
-8.3028  , 8
-8.2918  , 9
-8.2808  , 8
-8.2698  , 8
-8.2588  , 8
-8.2478  , 8
-8.2368  , 9
-8.2258  , 9
-8.2148  , 9
-8.2038  , 9
-8.1928  , 9
-8.1818  , 9
-8.1708  , 9
-8.1598  , 9
-8.1488  , 9
-8.1378  , 9
-8.1268  , 9
-8.1158  , 9
-8.1048  , 9
-8.0938  , 9
-8.0828  , 9
-8.0718  , 9
-8.0608  , 9
-8.0498  , 9
-8.0388  , 9
-8.0278  , 9
-8.0168  , 9
-8.0058  , 9
-7.9948  , 9
-7.9838  , 9
-7.9728  , 9
-7.9618  , 9
-7.9508  , 9
-7.9398  , 10
-7.9288  , 9
-7.9178  , 9
-7.9068  , 9
-7.8958  , 9
-7.8848  , 9
-7.8738  , 10
-7.8628  , 9
-7.8518  , 10
-7.8408  , 9
-7.8298  , 10
-7.8188  , 9
-7.8078  , 10
-7.7968  , 10
-7.7858  , 10
-7.7748  , 9
-7.7638  , 10
-7.7528  , 10
-7.7418  , 9
-7.7308  , 10
-7.7198  , 10
-7.7088  , 10
-7.6978  , 10
-7.6868  , 10
-7.6758  , 10
-7.6648  , 10
-7.6538  , 10
-7.6428  , 9
-7.6318  , 10
-7.6208  , 10
-7.6098  , 10
-7.5988  , 10
-7.5878  , 10
-7.5768  , 10
-7.5658  , 10
-7.5548  , 10
-7.5438  , 10
-7.5328  , 10
-7.5218  , 10
-7.5108  , 10
-7.4998  , 10
-7.4888  , 10
-7.4778  , 10
-7.4668  , 10
-7.4558  , 10
-7.4448  , 10
-7.4338  , 10
-7.4228  , 10
-7.4118  , 10
-7.4008  , 10
-7.3898  , 10
-7.3788  , 10
-7.3678  , 10
-7.3568  , 10
-7.3458  , 10
-7.3348  , 10
-7.3238  , 10
-7.3128  , 10
-7.3018  , 10
-7.2908  , 10
-7.2798  , 10
-7.2688  , 10
-7.2578  , 10
-7.2468  , 10
-7.2358  , 10
-7.2248  , 10
-7.2138  , 10
-7.2028  , 10
-7.1918  , 10
-7.1808  , 10
-7.1698  , 10
-7.1588  , 9
-7.1478  , 10
-7.1368  , 9
-7.1258  , 10
-7.1148  , 9
-7.1038  , 10
-7.0928  , 9
-7.0818  , 10
-7.0708  , 9
-7.0598  , 9
-7.0488  , 9
-7.0378  , 9
-7.0268  , 9
-7.0158  , 9
-7.0048  , 9
-6.9938  , 9
-6.9828  , 9
-6.9718  , 9
-6.9608  , 9
-6.9498  , 9
-6.9388  , 9
-6.9278  , 9
-6.9168  , 9
-6.9058  , 9
-6.8948  , 8
-6.8838  , 9
-6.8728  , 9
-6.8618  , 9
-6.8508  , 8
-6.8398  , 9
-6.8288  , 9
-6.8178  , 8
-6.8068  , 8
-6.7958  , 8
-6.7848  , 8
-6.7738  , 8
-6.7628  , 8
-6.7518  , 8
-6.7408  , 8
-6.7298  , 8
-6.7188  , 8
-6.7078  , 8
-6.6968  , 8
-6.6858  , 8
-6.6748  , 8
-6.6638  , 8
-6.6528  , 8
-6.6418  , 8
-6.6308  , 8
-6.6198  , 8
-6.6088  , 8
-6.5978  , 8
-6.5868  , 8
-6.5758  , 8
-6.5648  , 8
-6.5538  , 7
-6.5428  , 8
-6.5318  , 8
-6.5208  , 7
-6.5098  , 8
-6.4988  , 7
-6.4878  , 7
-6.4768  , 7
-6.4658  , 8
-6.4548  , 7
-6.4438  , 7
-6.4328  , 7
-6.4218  , 7
-6.4108  , 7
-6.3998  , 7
-6.3888  , 7
-6.3778  , 7
-6.3668  , 7
-6.3558  , 7
-6.3448  , 7
-6.3338  , 7
-6.3228  , 7
-6.3118  , 7
-6.3008  , 7
-6.2898  , 7
-6.2788  , 7
-6.2678  , 7
-6.2568  , 7
-6.2458  , 7
-6.2348  , 7
-6.2238  , 7
-6.2128  , 7
-6.2018  , 7
-6.1908  , 7
-6.1798  , 7
-6.1688  , 7
-6.1578  , 7
-6.1468  , 7
-6.1358  , 7
-6.1248  , 7
-6.1138  , 7
-6.1028  , 7
-6.0918  , 7
-6.0808  , 7
-6.0698  , 7
-6.0588  , 7
-6.0478  , 7
-6.0368  , 7
-6.0258  , 7
-6.0148  , 7
-6.0038  , 7
-5.9928  , 7
-5.9818  , 7
-5.9708  , 7
-5.9598  , 7
-5.9488  , 7
-5.9378  , 7
-5.9268  , 7
-5.9158  , 7
-5.9048  , 7
-5.8938  , 7
-5.8828  , 7
-5.8718  , 7
-5.8608  , 7
-5.8498  , 7
-5.8388  , 7
-5.8278  , 7
-5.8168  , 7
-5.8058  , 8
-5.7948  , 7
-5.7838  , 8
-5.7728  , 7
-5.7618  , 8
-5.7508  , 7
-5.7398  , 8
-5.7288  , 8
-5.7178  , 8
-5.7068  , 8
-5.6958  , 8
-5.6848  , 8
-5.6738  , 8
-5.6628  , 8
-5.6518  , 9
-5.6408  , 9
-5.6298  , 8
-5.6188  , 9
-5.6078  , 9
-5.5968  , 9
-5.5858  , 9
-5.5748  , 9
-5.5638  , 9
-5.5528  , 9
-5.5418  , 9
-5.5308  , 9
-5.5198  , 9
-5.5088  , 9
-5.4978  , 10
-5.4868  , 9
-5.4758  , 10
-5.4648  , 9
-5.4538  , 10
-5.4428  , 10
-5.4318  , 10
-5.4208  , 10
-5.4098  , 10
-5.3988  , 10
-5.3878  , 10
-5.3768  , 10
-5.3658  , 10
-5.3548  , 10
-5.3438  , 11
-5.3328  , 11
-5.3218  , 11
-5.3108  , 11
-5.2998  , 11
-5.2888  , 11
-5.2778  , 11
-5.2668  , 11
-5.2558  , 12
-5.2448  , 11
-5.2338  , 12
-5.2228  , 11
-5.2118  , 12
-5.2008  , 12
-5.1898  , 12
-5.1788  , 12
-5.1678  , 12
-5.1568  , 12
-5.1458  , 12
-5.1348  , 13
-5.1238  , 12
-5.1128  , 13
-5.1018  , 13
-5.0908  , 13
-5.0798  , 13
-5.0688  , 13
-5.0578  , 13
-5.0468  , 13
-5.0358  , 14
-5.0248  , 13
-5.0138  , 14
-5.0028  , 13
-4.9918  , 14
-4.9808  , 14
-4.9698  , 14
-4.9588  , 14
-4.9478  , 14
-4.9368  , 14
-4.9258  , 14
-4.9148  , 14
-4.9038  , 14
-4.8928  , 15
-4.8818  , 15
-4.8708  , 15
-4.8598  , 15
-4.8488  , 15
-4.8378  , 15
-4.8268  , 15
-4.8158  , 16
-4.8048  , 15
-4.7938  , 16
-4.7828  , 15
-4.7718  , 16
-4.7608  , 16
-4.7498  , 16
-4.7388  , 16
-4.7278  , 16
-4.7168  , 16
-4.7058  , 16
-4.6948  , 17
-4.6838  , 17
-4.6728  , 16
-4.6618  , 17
-4.6508  , 17
-4.6398  , 17
-4.6288  , 17
-4.6178  , 17
-4.6068  , 17
-4.5958  , 17
-4.5848  , 17
-4.5738  , 17
-4.5628  , 17
-4.5518  , 17
-4.5408  , 17
-4.5298  , 18
-4.5188  , 17
-4.5078  , 18
-4.4968  , 18
-4.4858  , 17
-4.4748  , 17
-4.4638  , 17
-4.4528  , 18
-4.4418  , 18
-4.4308  , 18
-4.4198  , 17
-4.4088  , 18
-4.3978  , 18
-4.3868  , 18
-4.3758  , 18
-4.3648  , 18
-4.3538  , 18
-4.3428  , 17
-4.3318  , 18
-4.3208  , 17
-4.3098  , 18
-4.2988  , 17
-4.2878  , 18
-4.2768  , 18
-4.2658  , 18
-4.2548  , 17
-4.2438  , 17
-4.2328  , 18
-4.2218  , 18
-4.2108  , 17
-4.1998  , 17
-4.1888  , 18
-4.1778  , 17
-4.1668  , 17
-4.1558  , 17
-4.1448  , 17
-4.1338  , 17
-4.1228  , 17
-4.1118  , 17
-4.1008  , 17
-4.0898  , 17
-4.0788  , 17
-4.0678  , 17
-4.0568  , 17
-4.0458  , 17
-4.0348  , 17
-4.0238  , 17
-4.0128  , 17
-4.0018  , 17
-3.9908  , 17
-3.9798  , 17
-3.9688  , 17
-3.9578  , 17
-3.9468  , 16
-3.9358  , 16
-3.9248  , 16
-3.9138  , 16
-3.9028  , 16
-3.8918  , 16
-3.8808  , 16
-3.8698  , 16
-3.8588  , 15
-3.8478  , 16
-3.8368  , 15
-3.8258  , 16
-3.8148  , 15
-3.8038  , 15
-3.7928  , 15
-3.7818  , 15
-3.7708  , 15
-3.7598  , 15
-3.7488  , 15
-3.7378  , 14
-3.7268  , 14
-3.7158  , 14
-3.7048  , 14
-3.6938  , 14
-3.6828  , 14
-3.6718  , 14
-3.6608  , 13
-3.6498  , 14
-3.6388  , 13
-3.6278  , 14
-3.6168  , 13
-3.6058  , 13
-3.5948  , 13
-3.5838  , 13
-3.5728  , 13
-3.5618  , 13
-3.5508  , 12
-3.5398  , 12
-3.5288  , 12
-3.5178  , 12
-3.5068  , 12
-3.4958  , 12
-3.4848  , 12
-3.4738  , 11
-3.4628  , 11
-3.4518  , 11
-3.4408  , 11
-3.4298  , 11
-3.4188  , 10
-3.4078  , 11
-3.3968  , 10
-3.3858  , 11
-3.3748  , 10
-3.3638  , 10
-3.3528  , 10
-3.3418  , 10
-3.3308  , 9
-3.3198  , 9
-3.3088  , 9
-3.2978  , 9
-3.2868  , 9
-3.2758  , 9
-3.2648  , 9
-3.2538  , 9
-3.2428  , 9
-3.2318  , 9
-3.2208  , 9
-3.2098  , 9
-3.1988  , 8
-3.1878  , 9
-3.1768  , 8
-3.1658  , 8
-3.1548  , 8
-3.1438  , 8
-3.1328  , 8
-3.1218  , 8
-3.1108  , 8
-3.0998  , 8
-3.0888  , 8
-3.0778  , 8
-3.0668  , 8
-3.0558  , 8
-3.0448  , 8
-3.0338  , 8
-3.0228  , 8
-3.0118  , 8
-3.0008  , 8
-2.9898  , 8
-2.9788  , 8
-2.9678  , 8
-2.9568  , 8
-2.9458  , 8
-2.9348  , 8
-2.9238  , 8
-2.9128  , 8
-2.9018  , 8
-2.8908  , 8
-2.8798  , 8
-2.8688  , 8
-2.8578  , 8
-2.8468  , 8
-2.8358  , 8
-2.8248  , 9
-2.8138  , 8
-2.8028  , 9
-2.7918  , 9
-2.7808  , 9
-2.7698  , 9
-2.7588  , 9
-2.7478  , 9
-2.7368  , 9
-2.7258  , 9
-2.7148  , 9
-2.7038  , 10
-2.6928  , 10
-2.6818  , 10
-2.6708  , 10
-2.6598  , 11
-2.6488  , 10
-2.6378  , 11
-2.6268  , 11
-2.6158  , 11
-2.6048  , 12
-2.5938  , 12
-2.5828  , 12
-2.5718  , 12
-2.5608  , 13
-2.5498  , 13
-2.5388  , 13
-2.5278  , 14
-2.5168  , 14
-2.5058  , 14
-2.4948  , 14
-2.4838  , 15
-2.4728  , 15
-2.4618  , 16
-2.4508  , 16
-2.4398  , 17
-2.4288  , 17
-2.4178  , 18
-2.4068  , 17
-2.3958  , 18
-2.3848  , 19
-2.3738  , 19
-2.3628  , 19
-2.3518  , 20
-2.3408  , 21
-2.3298  , 21
-2.3188  , 22
-2.3078  , 22
-2.2968  , 23
-2.2858  , 24
-2.2748  , 24
-2.2638  , 25
-2.2528  , 26
-2.2418  , 27
-2.2308  , 28
-2.2198  , 29
-2.2088  , 29
-2.1978  , 30
-2.1868  , 31
-2.1758  , 32
-2.1648  , 33
-2.1538  , 34
-2.1428  , 35
-2.1318  , 36
-2.1208  , 37
-2.1098  , 38
-2.0988  , 39
-2.0878  , 40
-2.0768  , 41
-2.0658  , 42
-2.0548  , 43
-2.0438  , 44
-2.0328  , 46
-2.0218  , 47
-2.0108  , 48
-1.9998  , 49
-1.9888  , 50
-1.9778  , 52
-1.9668  , 52
-1.9558  , 54
-1.9448  , 55
-1.9338  , 56
-1.9228  , 57
-1.9118  , 58
-1.9008  , 60
-1.8898  , 61
-1.8788  , 62
-1.8678  , 62
-1.8568  , 64
-1.8458  , 65
-1.8348  , 65
-1.8238  , 66
-1.8128  , 67
-1.8018  , 69
-1.7908  , 70
-1.7798  , 71
-1.7688  , 72
-1.7578  , 73
-1.7468  , 74
-1.7358  , 76
-1.7248  , 76
-1.7138  , 77
-1.7028  , 77
-1.6918  , 78
-1.6808  , 78
-1.6698  , 78
-1.6588  , 79
-1.6478  , 79
-1.6368  , 80
-1.6258  , 82
-1.6148  , 83
-1.6038  , 84
-1.5928  , 85
-1.5818  , 86
-1.5708  , 86
-1.5598  , 87
-1.5488  , 89
-1.5378  , 90
-1.5268  , 90
-1.5158  , 93
-1.5048  , 92
-1.4938  , 94
-1.4828  , 94
-1.4718  , 97
-1.4608  , 97
-1.4498  , 100
-1.4388  , 100
-1.4278  , 103
-1.4168  , 103
-1.4058  , 104
-1.3948  , 106
-1.3838  , 108
-1.3728  , 109
-1.3618  , 109
-1.3508  , 111
-1.3398  , 112
-1.3288  , 113
-1.3178  , 113
-1.3068  , 115
-1.2958  , 118
-1.2848  , 117
-1.2738  , 121
-1.2628  , 121
-1.2518  , 123
-1.2408  , 124
-1.2298  , 127
-1.2188  , 127
-1.2078  , 130
-1.1968  , 130
-1.1858  , 131
-1.1748  , 133
-1.1638  , 134
-1.1528  , 136
-1.1418  , 136
-1.1308  , 138
-1.1198  , 140
-1.1088  , 141
-1.0978  , 146
-1.0868  , 144
-1.0758  , 148
-1.0648  , 147
-1.0538  , 150
-1.0428  , 152
-1.0318  , 153
-1.0208  , 155
-1.0098  , 157
-0.9988  , 159
-0.9878  , 161
-0.9768  , 160
-0.9658  , 162
-0.9548  , 166
-0.9438  , 167
-0.9328  , 168
-0.9218  , 169
-0.9108  , 173
-0.8998  , 172
-0.8888  , 175
-0.8778  , 173
-0.8668  , 177
-0.8558  , 178
-0.8448  , 181
-0.8338  , 181
-0.8228  , 186
-0.8118  , 185
-0.8008  , 186
-0.7898  , 189
-0.7788  , 190
-0.7678  , 189
-0.7568  , 189
-0.7458  , 191
-0.7348  , 192
-0.7238  , 191
-0.7128  , 194
-0.7018  , 197
-0.6908  , 196
-0.6798  , 201
-0.6688  , 202
-0.6578  , 202
-0.6468  , 202
-0.6358  , 205
-0.6248  , 205
-0.6138  , 208
-0.6028  , 208
-0.5918  , 209
-0.5808  , 207
-0.5698  , 211
-0.5588  , 212
-0.5478  , 210
-0.5368  , 213
-0.5258  , 214
-0.5148  , 215
-0.5038  , 214
-0.4928  , 219
-0.4818  , 220
-0.4708  , 219
-0.4598  , 217
-0.4488  , 221
-0.4378  , 219
-0.4268  , 220
-0.4158  , 219
-0.4048  , 224
-0.3938  , 222
-0.3828  , 222
-0.3718  , 225
-0.3608  , 222
-0.3498  , 225
-0.3388  , 227
-0.3278  , 228
-0.3168  , 226
-0.3058  , 227
-0.2948  , 229
-0.2838  , 228
-0.2728  , 229
-0.2618  , 232
-0.2508  , 228
-0.2398  , 231
-0.2288  , 233
-0.2178  , 235
-0.2068  , 232
-0.1958  , 233
-0.1848  , 232
-0.1738  , 232
-0.1628  , 232
-0.1518  , 235
-0.1408  , 237
-0.1298  , 237
-0.1188  , 237
-0.1078  , 236
-0.0968  , 236
-0.0858  , 235
-0.0748  , 235
-0.0638  , 238
-0.0528  , 240
-0.0418  , 239
-0.0308  , 238
-0.0198  , 241
-0.0088  , 238
0.0022   , 239
0.0132   , 241
0.0242   , 240
0.0352   , 243
0.0462   , 241
0.0572   , 243
0.0682   , 240
0.0792   , 244
0.0902   , 241
0.1012   , 242
0.1122   , 239
0.1232   , 241
0.1342   , 242
0.1452   , 243
0.1562   , 241
0.1672   , 243
0.1782   , 239
0.1892   , 239
0.2002   , 241
0.2112   , 242
0.2222   , 241
0.2332   , 239
0.2442   , 239
0.2552   , 241
0.2662   , 240
0.2772   , 240
0.2882   , 238
0.2992   , 238
0.3102   , 238
0.3212   , 242
0.3322   , 237
0.3432   , 239
0.3542   , 238
0.3652   , 236
0.3762   , 236
0.3872   , 237
0.3982   , 231
0.4092   , 237
0.4202   , 234
0.4312   , 234
0.4422   , 231
0.4532   , 232
0.4642   , 229
0.4752   , 230
0.4862   , 228
0.4972   , 230
0.5082   , 228
0.5192   , 226
0.5302   , 224
0.5412   , 226
0.5522   , 224
0.5632   , 227
0.5742   , 223
0.5852   , 226
0.5962   , 223
0.6072   , 222
0.6182   , 221
0.6292   , 220
0.6402   , 219
0.6512   , 217
0.6622   , 220
0.6732   , 217
0.6842   , 217
0.6952   , 215
0.7062   , 214
0.7172   , 213
0.7282   , 216
0.7392   , 212
0.7502   , 211
0.7612   , 213
0.7722   , 214
0.7832   , 211
0.7942   , 211
0.8052   , 210
0.8162   , 206
0.8272   , 207
0.8382   , 206
0.8492   , 206
0.8602   , 204
0.8712   , 201
0.8822   , 203
0.8932   , 203
0.9042   , 202
0.9152   , 202
0.9262   , 199
0.9372   , 196
0.9482   , 199
0.9592   , 194
0.9702   , 195
0.9812   , 193
0.9922   , 193
1.0032   , 191
1.0142   , 191
1.0252   , 187
1.0362   , 190
1.0472   , 187
1.0582   , 188
1.0692   , 183
1.0802   , 183
1.0912   , 185
1.1022   , 181
1.1132   , 179
1.1242   , 179
1.1352   , 177
1.1462   , 178
1.1572   , 176
1.1682   , 176
1.1792   , 173
1.1902   , 175
1.2012   , 170
1.2122   , 171
1.2232   , 170
1.2342   , 170
1.2452   , 165
1.2562   , 166
1.2672   , 163
1.2782   , 163
1.2892   , 160
1.3002   , 158
1.3112   , 156
1.3222   , 157
1.3332   , 156
1.3442   , 154
1.3552   , 150
1.3662   , 154
1.3772   , 148
1.3882   , 147
1.3992   , 145
1.4102   , 144
1.4212   , 142
1.4322   , 140
1.4432   , 136
1.4542   , 135
1.4652   , 135
1.4762   , 131
1.4872   , 131
1.4982   , 128
1.5092   , 127
1.5202   , 127
1.5312   , 124
1.5422   , 122
1.5532   , 119
1.5642   , 121
1.5752   , 115
1.5862   , 115
1.5972   , 114
1.6082   , 113
1.6192   , 112
1.6302   , 109
1.6412   , 108
1.6522   , 106
1.6632   , 104
1.6742   , 103
1.6852   , 103
1.6962   , 100
1.7072   , 97
1.7182   , 97
1.7292   , 96
1.7402   , 94
1.7512   , 93
1.7622   , 92
1.7732   , 89
1.7842   , 90
1.7952   , 88
1.8062   , 88
1.8172   , 84
1.8282   , 84
1.8392   , 82
1.8502   , 82
1.8612   , 81
1.8722   , 80
1.8832   , 80
1.8942   , 76
1.9052   , 76
1.9162   , 75
1.9272   , 74
1.9382   , 74
1.9492   , 71
1.9602   , 71
1.9712   , 70
1.9822   , 70
1.9932   , 69
2.0042   , 69
2.0152   , 67
2.0262   , 67
2.0372   , 66
2.0482   , 65
2.0592   , 64
2.0702   , 63
2.0812   , 62
2.0922   , 62
2.1032   , 62
2.1142   , 60
2.1252   , 58
2.1362   , 58
2.1472   , 56
2.1582   , 55
2.1692   , 56
2.1802   , 54
2.1912   , 54
2.2022   , 52
2.2132   , 51
2.2242   , 51
2.2352   , 49
2.2462   , 49
2.2572   , 47
2.2682   , 47
2.2792   , 46
2.2902   , 45
2.3012   , 44
2.3122   , 43
2.3232   , 43
2.3342   , 42
2.3452   , 41
2.3562   , 41
2.3672   , 40
2.3782   , 39
2.3892   , 39
2.4002   , 37
2.4112   , 37
2.4222   , 36
2.4332   , 36
2.4442   , 35
2.4552   , 35
2.4662   , 34
2.4772   , 32
2.4882   , 32
2.4992   , 31
2.5102   , 31
2.5212   , 30
2.5322   , 30
2.5432   , 28
2.5542   , 28
2.5652   , 26
2.5762   , 26
2.5872   , 25
2.5982   , 25
2.6092   , 24
2.6202   , 23
2.6312   , 23
2.6422   , 22
2.6532   , 21
2.6642   , 21
2.6752   , 20
2.6862   , 20
2.6972   , 19
2.7082   , 19
2.7192   , 18
2.7302   , 17
2.7412   , 16
2.7522   , 16
2.7632   , 15
2.7742   , 16
2.7852   , 14
2.7962   , 15
2.8072   , 14
2.8182   , 14
2.8292   , 13
2.8402   , 13
2.8512   , 13
2.8622   , 12
2.8732   , 12
2.8842   , 12
2.8952   , 11
2.9062   , 11
2.9172   , 11
2.9282   , 11
2.9392   , 10
2.9502   , 11
2.9612   , 10
2.9722   , 10
2.9832   , 9
2.9942   , 10
3.0052   , 9
3.0162   , 9
3.0272   , 9
3.0382   , 9
3.0492   , 9
3.0602   , 9
3.0712   , 9
3.0822   , 8
3.0932   , 9
3.1042   , 8
3.1152   , 8
3.1262   , 8
3.1372   , 8
3.1482   , 8
3.1592   , 8
3.1702   , 8
3.1812   , 8
3.1922   , 8
3.2032   , 8
3.2142   , 8
3.2252   , 8
3.2362   , 8
3.2472   , 8
3.2582   , 8
3.2692   , 8
3.2802   , 8
3.2912   , 8
3.3022   , 8
3.3132   , 8
3.3242   , 8
3.3352   , 8
3.3462   , 8
3.3572   , 8
3.3682   , 8
3.3792   , 8
3.3902   , 8
3.4012   , 8
3.4122   , 9
3.4232   , 8
3.4342   , 9
3.4452   , 8
3.4562   , 9
3.4672   , 8
3.4782   , 9
3.4892   , 8
3.5002   , 9
3.5112   , 9
3.5222   , 9
3.5332   , 9
3.5442   , 9
3.5552   , 9
3.5662   , 9
3.5772   , 9
3.5882   , 9
3.5992   , 9
3.6102   , 9
3.6212   , 9
3.6322   , 10
3.6432   , 10
3.6542   , 10
3.6652   , 10
3.6762   , 11
3.6872   , 10
3.6982   , 10
3.7092   , 10
3.7202   , 11
3.7312   , 11
3.7422   , 11
3.7532   , 11
3.7642   , 11
3.7752   , 11
3.7862   , 11
3.7972   , 11
3.8082   , 12
3.8192   , 12
3.8302   , 12
3.8412   , 12
3.8522   , 12
3.8632   , 12
3.8742   , 13
3.8852   , 12
3.8962   , 13
3.9072   , 13
3.9182   , 14
3.9292   , 13
3.9402   , 14
3.9512   , 14
3.9622   , 14
3.9732   , 14
3.9842   , 14
3.9952   , 14
4.0062   , 15
4.0172   , 15
4.0282   , 15
4.0392   , 15
4.0502   , 15
4.0612   , 15
4.0722   , 15
4.0832   , 16
4.0942   , 16
4.1052   , 16
4.1162   , 16
4.1272   , 16
4.1382   , 16
4.1492   , 16
4.1602   , 17
4.1712   , 16
4.1822   , 17
4.1932   , 17
4.2042   , 17
4.2152   , 17
4.2262   , 17
4.2372   , 17
4.2482   , 17
4.2592   , 17
4.2702   , 17
4.2812   , 17
4.2922   , 17
4.3032   , 18
4.3142   , 17
4.3252   , 17
4.3362   , 17
4.3472   , 17
4.3582   , 18
4.3692   , 17
4.3802   , 18
4.3912   , 17
4.4022   , 18
4.4132   , 17
4.4242   , 18
4.4352   , 17
4.4462   , 18
4.4572   , 17
4.4682   , 18
4.4792   , 18
4.4902   , 18
4.5012   , 18
4.5122   , 18
4.5232   , 18
4.5342   , 18
4.5452   , 18
4.5562   , 18
4.5672   , 18
4.5782   , 18
4.5892   , 17
4.6002   , 18
4.6112   , 17
4.6222   , 18
4.6332   , 17
4.6442   , 18
4.6552   , 17
4.6662   , 18
4.6772   , 17
4.6882   , 18
4.6992   , 17
4.7102   , 18
4.7212   , 17
4.7322   , 17
4.7432   , 17
4.7542   , 17
4.7652   , 17
4.7762   , 17
4.7872   , 17
4.7982   , 17
4.8092   , 17
4.8202   , 17
4.8312   , 17
4.8422   , 17
4.8532   , 16
4.8642   , 17
4.8752   , 16
4.8862   , 17
4.8972   , 16
4.9082   , 17
4.9192   , 16
4.9302   , 16
4.9412   , 16
4.9522   , 16
4.9632   , 16
4.9742   , 16
4.9852   , 16
4.9962   , 16
5.0072   , 16
5.0182   , 15
5.0292   , 15
5.0402   , 15
5.0512   , 15
5.0622   , 15
5.0732   , 15
5.0842   , 15
5.0952   , 15
5.1062   , 15
5.1172   , 14
5.1282   , 15
5.1392   , 14
5.1502   , 14
5.1612   , 14
5.1722   , 14
5.1832   , 14
5.1942   , 14
5.2052   , 13
5.2162   , 13
5.2272   , 13
5.2382   , 13
5.2492   , 13
5.2602   , 13
5.2712   , 13
5.2822   , 13
5.2932   , 12
5.3042   , 13
5.3152   , 12
5.3262   , 13
5.3372   , 12
5.3482   , 12
5.3592   , 12
5.3702   , 12
5.3812   , 11
5.3922   , 12
5.4032   , 11
5.4142   , 11
5.4252   , 11
5.4362   , 11
5.4472   , 11
5.4582   , 11
5.4692   , 11
5.4802   , 11
5.4912   , 11
5.5022   , 11
5.5132   , 10
5.5242   , 11
5.5352   , 10
5.5462   , 10
5.5572   , 10
5.5682   , 10
5.5792   , 10
5.5902   , 10
5.6012   , 9
5.6122   , 10
5.6232   , 9
5.6342   , 10
5.6452   , 9
5.6562   , 10
5.6672   , 9
5.6782   , 9
5.6892   , 9
5.7002   , 9
5.7112   , 9
5.7222   , 9
5.7332   , 9
5.7442   , 9
5.7552   , 9
5.7662   , 9
5.7772   , 9
5.7882   , 9
5.7992   , 8
5.8102   , 9
5.8212   , 8
5.8322   , 9
5.8432   , 8
5.8542   , 8
5.8652   , 8
5.8762   , 8
5.8872   , 8
5.8982   , 8
5.9092   , 8
5.9202   , 8
5.9312   , 8
5.9422   , 8
5.9532   , 8
5.9642   , 8
5.9752   , 8
5.9862   , 8
5.9972   , 7
6.0082   , 8
6.0192   , 7
6.0302   , 8
6.0412   , 7
6.0522   , 8
6.0632   , 7
6.0742   , 8
6.0852   , 7
6.0962   , 7
6.1072   , 7
6.1182   , 7
6.1292   , 7
6.1402   , 7
6.1512   , 7
6.1622   , 7
6.1732   , 7
6.1842   , 7
6.1952   , 7
6.2062   , 7
6.2172   , 7
6.2282   , 7
6.2392   , 7
6.2502   , 7
6.2612   , 7
6.2722   , 7
6.2832   , 7
6.2942   , 7
6.3052   , 7
6.3162   , 7
6.3272   , 7
6.3382   , 7
6.3492   , 7
6.3602   , 7
6.3712   , 7
6.3822   , 7
6.3932   , 7
6.4042   , 7
6.4152   , 7
6.4262   , 7
6.4372   , 7
6.4482   , 7
6.4592   , 7
6.4702   , 7
6.4812   , 7
6.4922   , 7
6.5032   , 7
6.5142   , 7
6.5252   , 7
6.5362   , 7
6.5472   , 7
6.5582   , 7
6.5692   , 7
6.5802   , 7
6.5912   , 7
6.6022   , 7
6.6132   , 7
6.6242   , 7
6.6352   , 7
6.6462   , 7
6.6572   , 7
6.6682   , 7
6.6792   , 8
6.6902   , 7
6.7012   , 7
6.7122   , 8
6.7232   , 8
6.7342   , 8
6.7452   , 7
6.7562   , 8
6.7672   , 8
6.7782   , 8
6.7892   , 7
6.8002   , 8
6.8112   , 8
6.8222   , 8
6.8332   , 8
6.8442   , 8
6.8552   , 8
6.8662   , 8
6.8772   , 8
6.8882   , 8
6.8992   , 8
6.9102   , 8
6.9212   , 8
6.9322   , 8
6.9432   , 8
6.9542   , 8
6.9652   , 8
6.9762   , 9
6.9872   , 8
6.9982   , 9
7.0092   , 8
7.0202   , 9
7.0312   , 8
7.0422   , 9
7.0532   , 8
7.0642   , 9
7.0752   , 9
7.0862   , 9
7.0972   , 9
7.1082   , 9
7.1192   , 9
7.1302   , 9
7.1412   , 9
7.1522   , 9
7.1632   , 9
7.1742   , 9
7.1852   , 9
7.1962   , 9
7.2072   , 9
7.2182   , 9
7.2292   , 9
7.2402   , 9
7.2512   , 9
7.2622   , 9
7.2732   , 9
7.2842   , 9
7.2952   , 9
7.3062   , 9
7.3172   , 9
7.3282   , 9
7.3392   , 10
7.3502   , 9
7.3612   , 9
7.3722   , 9
7.3832   , 10
7.3942   , 9
7.4052   , 9
7.4162   , 10
7.4272   , 10
7.4382   , 10
7.4492   , 9
7.4602   , 10
7.4712   , 10
7.4822   , 10
7.4932   , 9
7.5042   , 10
7.5152   , 10
7.5262   , 10
7.5372   , 10
7.5482   , 10
7.5592   , 10
7.5702   , 10
7.5812   , 10
7.5922   , 10
7.6032   , 10
7.6142   , 10
7.6252   , 10
7.6362   , 10
7.6472   , 10
7.6582   , 10
7.6692   , 10
7.6802   , 10
7.6912   , 10
7.7022   , 10
7.7132   , 10
7.7242   , 10
7.7352   , 10
7.7462   , 10
7.7572   , 10
7.7682   , 10
7.7792   , 10
7.7902   , 10
7.8012   , 10
7.8122   , 10
7.8232   , 10
7.8342   , 10
7.8452   , 10
7.8562   , 10
7.8672   , 10
7.8782   , 10
7.8892   , 10
7.9002   , 10
7.9112   , 10
7.9222   , 10
7.9332   , 9
7.9442   , 10
7.9552   , 9
7.9662   , 10
7.9772   , 9
7.9882   , 10
7.9992   , 10
8.0102   , 10
8.0212   , 10
8.0322   , 10
8.0432   , 10
8.0542   , 9
8.0652   , 10
8.0762   , 9
8.0872   , 10
8.0982   , 9
8.1092   , 9
8.1202   , 9
8.1312   , 9
8.1422   , 9
8.1532   , 9
8.1642   , 9
8.1752   , 9
8.1862   , 9
8.1972   , 9
8.2082   , 9
8.2192   , 9
8.2302   , 9
8.2412   , 9
8.2522   , 9
8.2632   , 9
8.2742   , 9
8.2852   , 9
8.2962   , 9
8.3072   , 9
8.3182   , 9
8.3292   , 9
8.3402   , 9
8.3512   , 9
8.3622   , 9
8.3732   , 8
8.3842   , 9
8.3952   , 8
8.4062   , 9
8.4172   , 8
8.4282   , 9
8.4392   , 8
8.4502   , 9
8.4612   , 8
8.4722   , 8
8.4832   , 8
8.4942   , 8
8.5052   , 8
8.5162   , 8
8.5272   , 8
8.5382   , 8
8.5492   , 8
8.5602   , 8
8.5712   , 8
8.5822   , 8
8.5932   , 8
8.6042   , 8
8.6152   , 8
8.6262   , 8
8.6372   , 8
8.6482   , 8
8.6592   , 8
8.6702   , 8
8.6812   , 7
8.6922   , 8
8.7032   , 8
8.7142   , 8
8.7252   , 8
8.7362   , 8
8.7472   , 8
8.7582   , 7
8.7692   , 8
8.7802   , 7
8.7912   , 8
8.8022   , 7
8.8132   , 7
8.8242   , 7
8.8352   , 7
8.8462   , 7
8.8572   , 7
8.8682   , 7
8.8792   , 7
8.8902   , 7
8.9012   , 7
8.9122   , 7
8.9232   , 7
8.9342   , 7
8.9452   , 7
8.9562   , 7
8.9672   , 7
8.9782   , 7
8.9892   , 7
9.0002   , 7
9.0112   , 7
9.0222   , 7
9.0332   , 7
9.0442   , 7
9.0552   , 7
9.0662   , 7
9.0772   , 7
9.0882   , 7
9.0992   , 7
9.1102   , 7
9.1212   , 6
9.1322   , 7
9.1432   , 6
9.1542   , 7
9.1652   , 6
9.1762   , 7
9.1872   , 7
9.1982   , 7
9.2092   , 6
9.2202   , 7
9.2312   , 7
9.2422   , 7
9.2532   , 7
9.2642   , 6
9.2752   , 7
9.2862   , 7
9.2972   , 6
9.3082   , 7
9.3192   , 7
9.3302   , 7
9.3412   , 6
9.3522   , 7
9.3632   , 6
9.3742   , 7
9.3852   , 6
9.3962   , 7
9.4072   , 6
9.4182   , 7
9.4292   , 6
9.4402   , 6
9.4512   , 6
9.4622   , 7
9.4732   , 7
9.4842   , 6
9.4952   , 7
9.5062   , 6
9.5172   , 6
9.5282   , 7
9.5392   , 6
9.5502   , 7
9.5612   , 6
9.5722   , 7
9.5832   , 6
9.5942   , 7
9.6052   , 6
9.6162   , 7
9.6272   , 7
9.6382   , 7
9.6492   , 6
9.6602   , 7
9.6712   , 7
9.6822   , 6
9.6932   , 6
9.7042   , 7
9.7152   , 7
9.7262   , 7
9.7372   , 7
9.7482   , 7
9.7592   , 7
9.7702   , 7
9.7812   , 6
9.7922   , 7
9.8032   , 7
9.8142   , 7
9.8252   , 6
9.8362   , 7
9.8472   , 7
9.8582   , 7
9.8692   , 6
9.8802   , 7
9.8912   , 7
9.9022   , 7
9.9132   , 7
9.9242   , 7
9.9352   , 7
9.9462   , 7
9.9572   , 7
9.9682   , 7
9.9792   , 7
9.9902   , 7
10.0012  , 7
10.0122  , 7
10.0232  , 7
10.0342  , 7
10.0452  , 7
10.0562  , 7
10.0672  , 7
10.0782  , 7
10.0892  , 7
10.1002  , 7
10.1112  , 7
10.1222  , 7
10.1332  , 7
10.1442  , 7
10.1552  , 7
10.1662  , 7
10.1772  , 7
10.1882  , 7
10.1992  , 8
10.2102  , 7
10.2212  , 7
10.2322  , 7
10.2432  , 8
10.2542  , 8
10.2652  , 7
10.2762  , 8
10.2872  , 7
10.2982  , 8
10.3092  , 7
10.3202  , 8
10.3312  , 8
10.3422  , 8
10.3532  , 7
10.3642  , 8
10.3752  , 8
10.3862  , 8
10.3972  , 8
10.4082  , 8
10.4192  , 8
10.4302  , 8
10.4412  , 8
10.4522  , 8
10.4632  , 8
10.4742  , 8
10.4852  , 8
10.4962  , 8
10.5072  , 8
10.5182  , 8
10.5292  , 8
10.5402  , 8
10.5512  , 8
10.5622  , 8
10.5732  , 8
10.5842  , 8
10.5952  , 8
10.6062  , 8
10.6172  , 8
10.6282  , 8
10.6392  , 8
10.6502  , 8
10.6612  , 8
10.6722  , 8
10.6832  , 8
10.6942  , 8
10.7052  , 8
10.7162  , 8
10.7272  , 8
10.7382  , 8
10.7492  , 8
10.7602  , 8
10.7712  , 8
10.7822  , 8
10.7932  , 8
10.8042  , 8
10.8152  , 8
10.8262  , 8
10.8372  , 8
10.8482  , 8
10.8592  , 8
10.8702  , 8
10.8812  , 8
10.8922  , 8
10.9032  , 8
10.9142  , 8
10.9252  , 8
10.9362  , 8
10.9472  , 8
10.9582  , 8
10.9692  , 8
10.9802  , 8
10.9912  , 8
11.0022  , 8
11.0132  , 8
11.0242  , 8
11.0352  , 8
11.0462  , 8
11.0572  , 8
11.0682  , 8
11.0792  , 8
11.0902  , 8
11.1012  , 8
11.1122  , 8
11.1232  , 8
11.1342  , 8
11.1452  , 8
11.1562  , 8
11.1672  , 8
11.1782  , 8
11.1892  , 8
11.2002  , 8
11.2112  , 8
11.2222  , 8
11.2332  , 7
11.2442  , 8
11.2552  , 7
11.2662  , 8
11.2772  , 7
11.2882  , 8
11.2992  , 7
11.3102  , 8
11.3212  , 7
11.3322  , 8
11.3432  , 8
11.3542  , 7
11.3652  , 7
11.3762  , 7
11.3872  , 8
11.3982  , 7
11.4092  , 7
11.4202  , 7
11.4312  , 7
11.4422  , 7
11.4532  , 7
11.4642  , 7
11.4752  , 7
11.4862  , 8
11.4972  , 7
11.5082  , 8
11.5192  , 7
11.5302  , 7
11.5412  , 7
11.5522  , 7
11.5632  , 7
11.5742  , 7
11.5852  , 7
11.5962  , 7
11.6072  , 7
11.6182  , 7
11.6292  , 7
11.6402  , 7
11.6512  , 7
11.6622  , 7
11.6732  , 7
11.6842  , 7
11.6952  , 7
11.7062  , 7
11.7172  , 7
11.7282  , 7
11.7392  , 7
11.7502  , 7
11.7612  , 7
11.7722  , 7
11.7832  , 7
11.7942  , 7
11.8052  , 7
11.8162  , 7
11.8272  , 7
11.8382  , 7
11.8492  , 7
11.8602  , 7
11.8712  , 7
11.8822  , 7
11.8932  , 7
11.9042  , 7
11.9152  , 7
11.9262  , 7
11.9372  , 7
11.9482  , 7
11.9592  , 7
11.9702  , 7
11.9812  , 6
11.9922  , 7
12.0032  , 6
12.0142  , 7
12.0252  , 7
12.0362  , 7
12.0472  , 7
12.0582  , 7
12.0692  , 7
12.0802  , 7
12.0912  , 7
12.1022  , 7
12.1132  , 7
12.1242  , 7
12.1352  , 7
12.1462  , 7
12.1572  , 6
12.1682  , 7
12.1792  , 6
12.1902  , 7
12.2012  , 6
12.2122  , 7
12.2232  , 6
12.2342  , 7
12.2452  , 6
12.2562  , 7
12.2672  , 6
12.2782  , 7
12.2892  , 7
12.3002  , 7
12.3112  , 7
12.3222  , 6
12.3332  , 6
12.3442  , 7
12.3552  , 6
12.3662  , 7
12.3772  , 6
12.3882  , 7
12.3992  , 6
12.4102  , 7
12.4212  , 6
12.4322  , 7
12.4432  , 6
12.4542  , 7
12.4652  , 6
12.4762  , 7
12.4872  , 6
12.4982  , 7
12.5092  , 6
12.5202  , 6
12.5312  , 6
12.5422  , 6
12.5532  , 6
12.5642  , 7
12.5752  , 6
12.5862  , 6
12.5972  , 6
12.6082  , 7
12.6192  , 6
12.6302  , 7
12.6412  , 6
12.6522  , 7
12.6632  , 6
12.6742  , 7
12.6852  , 6
12.6962  , 7
12.7072  , 6
12.7182  , 7
12.7292  , 6
12.7402  , 7
12.7512  , 6
12.7622  , 6
12.7732  , 7
12.7842  , 7
12.7952  , 7
12.8062  , 7
12.8172  , 6
12.8282  , 7
12.8392  , 7
12.8502  , 7
12.8612  , 6
12.8722  , 7
12.8832  , 6
12.8942  , 7
12.9052  , 6
12.9162  , 7
12.9272  , 6
12.9382  , 7
12.9492  , 6
12.9602  , 7
12.9712  , 7
12.9822  , 7
12.9932  , 7

